-2.000000 -0.010038
-1.995996 0.022310
-1.991992 0.019468
-1.987988 -0.005087
-1.983984 -0.002032
-1.979980 0.005418
-1.975976 -0.003865
-1.971972 0.024042
-1.967968 0.014811
-1.963964 0.022150
-1.959960 0.013876
-1.955956 0.015511
-1.951952 0.021304
-1.947948 0.013833
-1.943944 -0.012683
-1.939940 0.010161
-1.935936 0.015790
-1.931932 0.011695
-1.927928 -0.018611
-1.923924 0.014926
-1.919920 0.007791
-1.915916 -0.002562
-1.911912 0.015512
-1.907908 -0.005833
-1.903904 0.035118
-1.899900 -0.002857
-1.895896 0.036430
-1.891892 0.006999
-1.887888 0.012682
-1.883884 0.020127
-1.879880 0.002860
-1.875876 0.018862
-1.871872 0.009544
-1.867868 0.016951
-1.863864 0.021525
-1.859860 0.006781
-1.855856 0.018826
-1.851852 0.008164
-1.847848 -0.015827
-1.843844 -0.025283
-1.839840 -0.001008
-1.835836 0.023446
-1.831832 0.035998
-1.827828 0.026585
-1.823824 0.006222
-1.819820 0.043059
-1.815816 0.053226
-1.811812 0.025108
-1.807808 0.025824
-1.803804 0.026131
-1.799800 -0.006736
-1.795796 0.034591
-1.791792 0.012382
-1.787788 0.013067
-1.783784 0.005448
-1.779780 0.016109
-1.775776 -0.029572
-1.771772 -0.014307
-1.767768 -0.006726
-1.763764 0.005739
-1.759760 0.007621
-1.755756 0.034804
-1.751752 -0.001503
-1.747748 0.006445
-1.743744 -0.005600
-1.739740 0.001610
-1.735736 0.007383
-1.731732 0.006889
-1.727728 0.016247
-1.723724 -0.014448
-1.719720 0.008013
-1.715716 0.020192
-1.711712 0.022107
-1.707708 0.005294
-1.703704 0.008733
-1.699700 0.009330
-1.695696 0.033170
-1.691692 0.043488
-1.687688 0.036232
-1.683684 0.019541
-1.679680 0.002815
-1.675676 0.027277
-1.671672 0.037255
-1.667668 0.013208
-1.663664 -0.014121
-1.659660 0.021790
-1.655656 0.013351
-1.651652 0.011719
-1.647648 0.020436
-1.643644 0.019240
-1.639640 0.007748
-1.635636 0.011560
-1.631632 -0.005101
-1.627628 0.022396
-1.623624 -0.002455
-1.619620 0.022857
-1.615616 0.041613
-1.611612 0.011595
-1.607608 -0.016252
-1.603604 0.011313
-1.599600 0.014988
-1.595596 0.021555
-1.591592 0.003488
-1.587588 0.032885
-1.583584 -0.000086
-1.579580 -0.015222
-1.575576 0.012073
-1.571572 0.003305
-1.567568 0.061383
-1.563564 -0.012298
-1.559560 0.023161
-1.555556 0.028349
-1.551552 0.014372
-1.547548 0.036708
-1.543544 0.012973
-1.539540 -0.001682
-1.535536 -0.006278
-1.531532 -0.005013
-1.527528 0.052617
-1.523524 0.000994
-1.519520 0.015355
-1.515516 0.017105
-1.511512 0.011118
-1.507508 0.017814
-1.503504 0.030580
-1.499500 0.016249
-1.495496 0.029274
-1.491492 -0.010525
-1.487488 -0.006379
-1.483484 0.035462
-1.479480 0.022298
-1.475476 0.026497
-1.471472 0.034618
-1.467468 -0.005960
-1.463464 0.021615
-1.459460 0.012828
-1.455456 0.032381
-1.451452 0.034005
-1.447448 0.019032
-1.443444 -0.012652
-1.439440 0.042245
-1.435436 0.031499
-1.431432 0.021550
-1.427428 0.015195
-1.423424 0.038880
-1.419420 0.032445
-1.415416 0.026450
-1.411412 -0.021245
-1.407408 -0.002752
-1.403404 0.027017
-1.399400 0.043972
-1.395396 0.044336
-1.391392 0.022211
-1.387388 0.020450
-1.383384 0.052799
-1.379380 0.008396
-1.375376 0.026518
-1.371372 0.040384
-1.367368 0.025464
-1.363364 0.046089
-1.359360 0.013999
-1.355356 0.034196
-1.351352 0.017921
-1.347348 -0.003398
-1.343344 0.033268
-1.339340 0.035969
-1.335336 0.061502
-1.331332 0.028325
-1.327328 0.025631
-1.323324 0.033404
-1.319320 0.031495
-1.315316 0.029357
-1.311312 0.018387
-1.307308 0.019127
-1.303304 0.034212
-1.299300 0.018751
-1.295296 0.044979
-1.291292 0.035001
-1.287288 0.006824
-1.283284 0.046595
-1.279280 0.042830
-1.275276 0.018270
-1.271272 0.050597
-1.267268 0.039762
-1.263264 0.012581
-1.259260 0.019746
-1.255256 0.018868
-1.251252 0.008876
-1.247248 0.033090
-1.243244 0.014058
-1.239240 0.032826
-1.235236 0.033983
-1.231232 0.026001
-1.227228 0.023868
-1.223224 0.004588
-1.219220 0.009304
-1.215216 0.023989
-1.211212 -0.002906
-1.207208 0.034290
-1.203204 0.035173
-1.199200 0.009658
-1.195196 0.007738
-1.191192 0.021650
-1.187188 0.023095
-1.183184 0.041521
-1.179180 0.018041
-1.175176 0.021949
-1.171172 0.039363
-1.167168 0.015515
-1.163164 0.013421
-1.159160 -0.010392
-1.155156 0.025242
-1.151152 0.035062
-1.147148 0.036783
-1.143144 0.028131
-1.139140 0.038368
-1.135136 0.041706
-1.131132 0.027875
-1.127128 0.026543
-1.123124 0.019898
-1.119120 0.022189
-1.115116 0.007124
-1.111112 0.032763
-1.107108 0.027999
-1.103104 0.035224
-1.099100 0.016021
-1.095096 0.011643
-1.091092 0.035996
-1.087088 0.038310
-1.083084 0.019844
-1.079080 0.059420
-1.075076 0.033818
-1.071072 -0.018803
-1.067068 0.050698
-1.063064 0.050013
-1.059060 0.058710
-1.055056 0.020755
-1.051052 0.019410
-1.047048 0.054395
-1.043044 0.026302
-1.039040 0.029540
-1.035036 0.031747
-1.031032 0.075079
-1.027028 0.043050
-1.023024 0.025541
-1.019020 0.052615
-1.015016 0.030608
-1.011012 0.023103
-1.007008 0.033896
-1.003004 0.062648
-0.999000 0.021814
-0.994996 0.081937
-0.990992 0.035779
-0.986988 0.055341
-0.982984 0.030606
-0.978980 0.037792
-0.974976 0.036015
-0.970972 0.042432
-0.966968 0.026702
-0.962964 0.030289
-0.958960 0.042889
-0.954956 0.019773
-0.950952 0.060478
-0.946948 0.037489
-0.942944 0.055636
-0.938940 0.056911
-0.934936 0.029882
-0.930932 0.022733
-0.926928 0.036140
-0.922924 0.055838
-0.918920 0.025333
-0.914916 0.061620
-0.910912 0.010741
-0.906908 0.041330
-0.902904 0.013281
-0.898900 0.089206
-0.894896 0.042185
-0.890892 0.040676
-0.886888 0.043518
-0.882884 0.060632
-0.878880 0.070046
-0.874876 0.088458
-0.870872 0.057949
-0.866868 0.040722
-0.862864 0.044031
-0.858860 0.070452
-0.854856 0.059305
-0.850852 0.053000
-0.846848 0.061682
-0.842844 0.060173
-0.838840 0.034059
-0.834836 0.051841
-0.830832 0.055499
-0.826828 0.070791
-0.822824 0.057063
-0.818820 0.060438
-0.814816 0.082342
-0.810812 0.058871
-0.806808 0.047232
-0.802804 0.077582
-0.798800 0.093107
-0.794796 0.088349
-0.790792 0.091893
-0.786788 0.071635
-0.782784 0.066017
-0.778780 0.049066
-0.774776 0.044829
-0.770772 0.053538
-0.766768 0.059745
-0.762764 0.063466
-0.758759 0.050190
-0.754755 0.083697
-0.750751 0.080151
-0.746747 0.053188
-0.742743 0.074103
-0.738739 0.083979
-0.734735 0.057626
-0.730731 0.070809
-0.726727 0.058111
-0.722723 0.059841
-0.718719 0.076641
-0.714715 0.084589
-0.710711 0.085493
-0.706707 0.091576
-0.702703 0.108825
-0.698699 0.062372
-0.694695 0.054957
-0.690691 0.081816
-0.686687 0.084357
-0.682683 0.056276
-0.678679 0.104346
-0.674675 0.060080
-0.670671 0.081930
-0.666667 0.069322
-0.662663 0.085818
-0.658659 0.057971
-0.654655 0.086632
-0.650651 0.098494
-0.646647 0.110614
-0.642643 0.090921
-0.638639 0.099699
-0.634635 0.081593
-0.630631 0.080955
-0.626627 0.092067
-0.622623 0.086342
-0.618619 0.105206
-0.614615 0.108468
-0.610611 0.086899
-0.606607 0.122323
-0.602603 0.109222
-0.598599 0.107971
-0.594595 0.090632
-0.590591 0.134143
-0.586587 0.119608
-0.582583 0.125366
-0.578579 0.088803
-0.574575 0.114398
-0.570571 0.115355
-0.566567 0.107757
-0.562563 0.130981
-0.558559 0.117732
-0.554555 0.079729
-0.550551 0.091967
-0.546547 0.113905
-0.542543 0.106966
-0.538539 0.138356
-0.534535 0.141549
-0.530531 0.108522
-0.526527 0.103630
-0.522523 0.124895
-0.518519 0.137498
-0.514515 0.142925
-0.510511 0.114231
-0.506507 0.167195
-0.502503 0.133691
-0.498499 0.162529
-0.494495 0.166014
-0.490491 0.141902
-0.486487 0.127224
-0.482483 0.145142
-0.478479 0.182076
-0.474475 0.141857
-0.470471 0.150165
-0.466467 0.176710
-0.462463 0.164442
-0.458459 0.152726
-0.454455 0.192539
-0.450451 0.154287
-0.446447 0.177851
-0.442443 0.149223
-0.438439 0.146278
-0.434435 0.155261
-0.430431 0.193670
-0.426427 0.192002
-0.422423 0.174085
-0.418419 0.176614
-0.414415 0.166912
-0.410411 0.185764
-0.406407 0.204217
-0.402403 0.187169
-0.398399 0.236732
-0.394395 0.210618
-0.390391 0.231098
-0.386387 0.214363
-0.382383 0.259016
-0.378379 0.221940
-0.374375 0.228948
-0.370371 0.239326
-0.366367 0.221563
-0.362363 0.243813
-0.358359 0.222561
-0.354355 0.264672
-0.350351 0.244704
-0.346347 0.238587
-0.342343 0.272483
-0.338339 0.232710
-0.334335 0.238607
-0.330331 0.273489
-0.326327 0.264508
-0.322323 0.279210
-0.318319 0.271419
-0.314315 0.310203
-0.310311 0.279682
-0.306307 0.305564
-0.302303 0.265554
-0.298299 0.305951
-0.294295 0.334065
-0.290291 0.334720
-0.286287 0.328340
-0.282283 0.344670
-0.278279 0.360394
-0.274275 0.324754
-0.270271 0.369880
-0.266267 0.355966
-0.262263 0.351341
-0.258259 0.397320
-0.254255 0.386558
-0.250251 0.402541
-0.246247 0.387084
-0.242243 0.408629
-0.238239 0.413692
-0.234235 0.439487
-0.230231 0.430346
-0.226227 0.405385
-0.222223 0.435062
-0.218219 0.471371
-0.214215 0.451765
-0.210211 0.498594
-0.206207 0.497265
-0.202203 0.506796
-0.198199 0.486127
-0.194195 0.468559
-0.190191 0.520317
-0.186187 0.521973
-0.182183 0.514619
-0.178179 0.572081
-0.174175 0.564016
-0.170171 0.597478
-0.166167 0.591387
-0.162163 0.585225
-0.158159 0.616438
-0.154155 0.602849
-0.150151 0.619853
-0.146147 0.668155
-0.142143 0.679454
-0.138139 0.703879
-0.134135 0.686981
-0.130131 0.720757
-0.126127 0.719061
-0.122123 0.746534
-0.118119 0.723166
-0.114115 0.752559
-0.110111 0.740531
-0.106107 0.781043
-0.102103 0.783008
-0.098099 0.799685
-0.094095 0.849101
-0.090091 0.801100
-0.086087 0.832689
-0.082083 0.868601
-0.078079 0.883820
-0.074075 0.905786
-0.070071 0.871160
-0.066067 0.907066
-0.062063 0.919005
-0.058059 0.926978
-0.054055 0.919307
-0.050051 0.945754
-0.046047 0.970792
-0.042043 0.975410
-0.038039 0.988595
-0.034035 0.953989
-0.030031 0.973699
-0.026027 0.939028
-0.022023 0.978939
-0.018019 1.000149
-0.014015 0.990332
-0.010011 1.001003
-0.006007 0.976430
-0.002003 1.005110
0.002001 1.001943
0.006005 0.973643
0.010009 0.999282
0.014013 1.009832
0.018017 0.968597
0.022021 0.981479
0.026025 0.982975
0.030029 0.966495
0.034033 0.974583
0.038037 0.966730
0.042041 0.938417
0.046045 0.984009
0.050049 0.940558
0.054053 0.925207
0.058057 0.937627
0.062061 0.928155
0.066065 0.929244
0.070069 0.904156
0.074073 0.908532
0.078077 0.873576
0.082081 0.838301
0.086085 0.858554
0.090089 0.827960
0.094093 0.805753
0.098097 0.770912
0.102101 0.784722
0.106105 0.801978
0.110109 0.764232
0.114113 0.741680
0.118117 0.748614
0.122121 0.708123
0.126125 0.709420
0.130129 0.682469
0.134133 0.668135
0.138137 0.692325
0.142141 0.674766
0.146145 0.661845
0.150149 0.638091
0.154153 0.607145
0.158157 0.609079
0.162161 0.602165
0.166165 0.612276
0.170169 0.590451
0.174173 0.578586
0.178177 0.552315
0.182181 0.582235
0.186185 0.547831
0.190189 0.539155
0.194193 0.532649
0.198197 0.501696
0.202201 0.499196
0.206205 0.474615
0.210209 0.453805
0.214213 0.467619
0.218217 0.483622
0.222221 0.454407
0.226225 0.422937
0.230229 0.433862
0.234233 0.425621
0.238237 0.422787
0.242241 0.367326
0.246245 0.403812
0.250249 0.390606
0.254253 0.385621
0.258257 0.343766
0.262261 0.374066
0.266265 0.364927
0.270269 0.358860
0.274273 0.351163
0.278277 0.342664
0.282281 0.326589
0.286285 0.308699
0.290289 0.313059
0.294293 0.323190
0.298297 0.339141
0.302301 0.298644
0.306305 0.300185
0.310309 0.322175
0.314313 0.340772
0.318317 0.290263
0.322321 0.266004
0.326325 0.253081
0.330329 0.276611
0.334333 0.255445
0.338337 0.255267
0.342341 0.239929
0.346345 0.248870
0.350349 0.237490
0.354353 0.228577
0.358357 0.243237
0.362361 0.249570
0.366365 0.260136
0.370369 0.224683
0.374373 0.217690
0.378377 0.201268
0.382381 0.224588
0.386385 0.240321
0.390389 0.186509
0.394393 0.225254
0.398397 0.199122
0.402401 0.214708
0.406405 0.192534
0.410409 0.214790
0.414413 0.223200
0.418417 0.204439
0.422421 0.186995
0.426425 0.185793
0.430429 0.132984
0.434433 0.190262
0.438437 0.166159
0.442441 0.188185
0.446445 0.151837
0.450449 0.194211
0.454453 0.126315
0.458457 0.167541
0.462461 0.151324
0.466465 0.165422
0.470469 0.139111
0.474473 0.152403
0.478477 0.142711
0.482481 0.134100
0.486485 0.129702
0.490489 0.131271
0.494493 0.169319
0.498497 0.112744
0.502501 0.136401
0.506505 0.118102
0.510509 0.125031
0.514513 0.118966
0.518517 0.119711
0.522521 0.150417
0.526525 0.112081
0.530529 0.118569
0.534533 0.117849
0.538537 0.088345
0.542541 0.124282
0.546545 0.117302
0.550549 0.104036
0.554553 0.112922
0.558557 0.126682
0.562561 0.083458
0.566565 0.102962
0.570569 0.117981
0.574573 0.108000
0.578577 0.084725
0.582581 0.091000
0.586585 0.107239
0.590589 0.060950
0.594593 0.118387
0.598597 0.091826
0.602601 0.118608
0.606605 0.083853
0.610609 0.114901
0.614613 0.136154
0.618617 0.092526
0.622621 0.097613
0.626625 0.071504
0.630629 0.106406
0.634633 0.107936
0.638637 0.102051
0.642641 0.093219
0.646645 0.081396
0.650649 0.039711
0.654653 0.076540
0.658657 0.105780
0.662661 0.097389
0.666665 0.114822
0.670669 0.057619
0.674673 0.080726
0.678677 0.090622
0.682681 0.023772
0.686685 0.083979
0.690689 0.039150
0.694693 0.054403
0.698697 0.061729
0.702701 0.085234
0.706705 0.097118
0.710709 0.079490
0.714713 0.068481
0.718717 0.073534
0.722721 0.094053
0.726725 0.066944
0.730729 0.071354
0.734733 0.083055
0.738737 0.085588
0.742741 0.073893
0.746745 0.058236
0.750749 0.053261
0.754753 0.036550
0.758757 0.058121
0.762761 0.064764
0.766765 0.072291
0.770769 0.054943
0.774773 0.091790
0.778777 0.078300
0.782781 0.068757
0.786785 0.034702
0.790789 0.087495
0.794793 0.074355
0.798797 0.030837
0.802801 0.058702
0.806805 0.042389
0.810809 0.065737
0.814813 0.055403
0.818817 0.031157
0.822821 0.073432
0.826825 0.043903
0.830829 0.089179
0.834833 0.048279
0.838837 0.052968
0.842841 0.048761
0.846845 0.022371
0.850849 0.047714
0.854853 0.041309
0.858857 0.024135
0.862861 0.061202
0.866865 0.048888
0.870869 0.062085
0.874873 0.085137
0.878877 0.042695
0.882881 0.045634
0.886885 0.059856
0.890889 0.032147
0.894893 0.046717
0.898897 0.047380
0.902901 0.053273
0.906905 0.036453
0.910909 0.031692
0.914913 0.049078
0.918917 0.051614
0.922921 0.037767
0.926925 0.040041
0.930929 0.048590
0.934933 0.067599
0.938937 0.047440
0.942941 0.029091
0.946945 0.051763
0.950949 0.070181
0.954953 0.065289
0.958957 0.042288
0.962961 0.049686
0.966965 0.044714
0.970969 0.057959
0.974973 0.029418
0.978977 0.035020
0.982981 0.058432
0.986985 0.029434
0.990989 0.031643
0.994993 0.023897
0.998997 0.021236
1.003001 0.032823
1.007005 0.038055
1.011009 0.054454
1.015013 0.054926
1.019017 0.032310
1.023021 0.017060
1.027025 0.018214
1.031029 0.044654
1.035033 0.028637
1.039037 0.045301
1.043041 0.057710
1.047045 0.036858
1.051049 0.048257
1.055053 0.034831
1.059057 0.023767
1.063061 0.019350
1.067065 0.012598
1.071069 0.019407
1.075073 0.061311
1.079077 0.046149
1.083081 0.017163
1.087085 0.040116
1.091089 0.016616
1.095093 0.022867
1.099097 0.021291
1.103101 0.032225
1.107105 0.024456
1.111109 0.015243
1.115113 0.011913
1.119117 0.045894
1.123121 0.029901
1.127125 0.051463
1.131129 0.041377
1.135133 0.041926
1.139137 0.062280
1.143141 0.031082
1.147145 0.037791
1.151149 0.021674
1.155153 0.047630
1.159157 0.045316
1.163161 0.032206
1.167165 0.013143
1.171169 0.051006
1.175173 0.018660
1.179177 0.014700
1.183181 0.020966
1.187185 0.038918
1.191189 0.015599
1.195193 0.029718
1.199197 0.028371
1.203201 0.021214
1.207205 0.026020
1.211209 0.053433
1.215213 0.002261
1.219217 0.020372
1.223221 0.015964
1.227225 0.051369
1.231229 -0.002869
1.235233 0.055134
1.239237 0.031564
1.243241 0.006175
1.247245 0.023680
1.251249 0.018411
1.255253 0.010415
1.259257 0.041782
1.263261 0.022667
1.267265 0.030353
1.271269 0.015182
1.275273 0.012455
1.279277 0.018117
1.283281 0.001625
1.287285 0.006287
1.291289 0.006515
1.295293 0.012873
1.299297 0.011678
1.303301 0.030733
1.307305 0.050869
1.311309 -0.013849
1.315313 0.022250
1.319317 0.056729
1.323321 0.032224
1.327325 0.034589
1.331329 0.036684
1.335333 0.009479
1.339337 0.032605
1.343341 0.021708
1.347345 0.027134
1.351349 0.047041
1.355353 0.033457
1.359357 0.040001
1.363361 0.039013
1.367365 0.014200
1.371369 0.038702
1.375373 -0.008720
1.379377 0.017070
1.383381 0.019096
1.387385 0.049750
1.391389 0.030927
1.395393 -0.004734
1.399397 0.026459
1.403401 0.038404
1.407405 0.038402
1.411409 0.002693
1.415413 0.024902
1.419418 0.010126
1.423422 0.029932
1.427426 -0.005972
1.431430 0.009950
1.435434 0.040375
1.439438 0.027933
1.443442 0.018957
1.447446 -0.000603
1.451450 0.002741
1.455454 -0.010679
1.459458 0.015154
1.463462 0.020135
1.467466 0.018073
1.471470 -0.005242
1.475474 0.037893
1.479478 0.035885
1.483482 0.019925
1.487486 0.017006
1.491490 0.014514
1.495494 0.042643
1.499498 0.031771
1.503502 0.039064
1.507506 0.014619
1.511510 -0.012419
1.515514 0.005895
1.519518 0.013100
1.523522 0.025724
1.527526 0.033701
1.531530 0.020011
1.535534 0.012218
1.539538 0.023722
1.543542 0.004775
1.547546 0.026790
1.551550 0.057557
1.555554 0.022209
1.559558 -0.013633
1.563562 0.013677
1.567566 0.020300
1.571570 -0.000756
1.575574 0.024183
1.579578 0.012650
1.583582 0.000871
1.587586 0.024408
1.591590 0.010665
1.595594 0.016596
1.599598 0.016165
1.603602 0.023505
1.607606 -0.014681
1.611610 0.026310
1.615614 0.012211
1.619618 0.026494
1.623622 0.009846
1.627626 0.030727
1.631630 0.000271
1.635634 0.013595
1.639638 0.011475
1.643642 0.014425
1.647646 0.009195
1.651650 0.036607
1.655654 0.009915
1.659658 -0.012829
1.663662 -0.018447
1.667666 0.014277
1.671670 0.064847
1.675674 -0.000023
1.679678 0.006205
1.683682 0.031795
1.687686 -0.028696
1.691690 -0.010136
1.695694 0.046076
1.699698 0.021323
1.703702 0.014235
1.707706 0.044140
1.711710 -0.006888
1.715714 0.014743
1.719718 0.019708
1.723722 0.033814
1.727726 0.027919
1.731730 -0.012463
1.735734 0.006685
1.739738 0.022801
1.743742 0.005783
1.747746 0.004965
1.751750 -0.013941
1.755754 0.006082
1.759758 0.009430
1.763762 0.004521
1.767766 -0.006034
1.771770 0.035440
1.775774 0.009150
1.779778 0.011355
1.783782 0.024084
1.787786 0.025108
1.791790 0.018444
1.795794 0.025928
1.799798 0.035775
1.803802 -0.012158
1.807806 -0.002300
1.811810 0.018353
1.815814 0.012362
1.819818 -0.011848
1.823822 -0.004252
1.827826 0.020882
1.831830 0.020797
1.835834 0.017890
1.839838 0.014512
1.843842 0.024016
1.847846 0.008159
1.851850 0.042372
1.855854 0.038293
1.859858 0.007391
1.863862 0.017449
1.867866 -0.028298
1.871870 0.027902
1.875874 -0.007454
1.879878 0.009505
1.883882 0.011072
1.887886 0.036075
1.891890 -0.006615
1.895894 0.025880
1.899898 0.017615
1.903902 0.016660
1.907906 0.016607
1.911910 0.033217
1.915914 0.001309
1.919918 0.013245
1.923922 0.011885
1.927926 0.015435
1.931930 -0.014169
1.935934 0.009436
1.939938 0.001470
1.943942 0.005486
1.947946 0.010928
1.951950 0.020357
1.955954 -0.023499
1.959958 -0.012793
1.963962 0.003992
1.967966 0.018298
1.971970 0.031606
1.975974 0.038718
1.979978 0.022328
1.983982 0.007773
1.987986 0.011005
1.991990 0.012033
1.995994 0.011945
1.999998 0.004680
