0.000000 0.000000
0.100000 0.001000
0.200000 0.008000
0.300000 0.027000
0.400000 0.064000
0.500000 0.125000
0.600000 0.216000
0.700000 0.343000
0.800000 0.512000
0.900000 0.729000
1.000000 1.000000
1.100000 1.331001
1.200000 1.728001
1.300000 2.197001
1.400000 2.744001
1.500000 3.375002
1.600000 4.096002
1.700000 4.913002
1.800000 5.832003
1.900000 6.859004
2.000000 8.000003
2.100000 9.261002
2.200000 10.648001
2.300000 12.166999
2.400000 13.823998
2.500000 15.624996
2.600000 17.575993
2.700000 19.682991
2.799999 21.951988
2.899999 24.388984
2.999999 26.999981
3.099999 29.790977
3.199999 32.767972
3.299999 35.936967
3.399999 39.303962
3.499999 42.874956
3.599999 46.655950
3.699999 50.652943
3.799999 54.871936
3.899998 59.318928
3.999998 63.999920
4.099998 68.920923
4.199998 74.087914
4.299998 79.506905
4.399998 85.183895
4.499998 91.124884
4.599998 97.335873
4.699998 103.822861
4.799998 110.591848
4.899998 117.648835
4.999998 124.999821
5.099998 132.650807
5.199997 140.607791
5.299997 148.876775
5.399997 157.463758
5.499997 166.374740
5.599997 175.615722
5.699997 185.192703
5.799997 195.111682
5.899997 205.378661
5.999997 215.999640
6.099997 226.980617
6.199996 238.327593
6.299996 250.046568
6.399996 262.143543
6.499996 274.624516
6.599996 287.495489
6.699996 300.762461
6.799996 314.431431
6.899996 328.508401
6.999996 342.999369
7.099996 357.910337
7.199996 373.247303
7.299995 389.016268
7.399995 405.223232
7.499995 421.874195
7.599995 438.975157
7.699995 456.532118
7.799995 474.551077
7.899995 493.038036
7.999995 511.998993
8.099995 531.439949
8.199995 551.367000
8.299995 571.786054
8.399996 592.703112
8.499996 614.124173
8.599997 636.055238
8.699997 658.502307
8.799997 681.471380
8.899998 704.968456
8.999998 728.999537
9.099998 753.570621
9.199999 778.687709
9.299999 804.356802
9.400000 830.583899
9.500000 857.375000
9.600000 884.736105
9.700001 912.673215
9.800001 941.192330
9.900002 970.299449
10.000002 1000.000572
10.100002 1030.301700
10.200003 1061.208833
10.300003 1092.727971
10.400003 1124.865114
10.500004 1157.626262
10.600004 1191.017414
10.700005 1225.044572
10.800005 1259.713735
10.900005 1295.030904
11.000006 1331.002077
11.100006 1367.633256
11.200006 1404.930440
11.300007 1442.899630
11.400007 1481.546826
11.500008 1520.878027
11.600008 1560.899234
11.700008 1601.616446
11.800009 1643.035665
11.900009 1685.162889
12.000010 1728.004120
12.100010 1771.565356
12.200010 1815.852599
12.300011 1860.871848
12.400011 1906.629103
12.500011 1953.130364
12.600012 2000.381632
12.700012 2048.388907
12.800013 2097.158188
12.900013 2146.695475
13.000013 2197.006769
13.100014 2248.098070
13.200014 2299.975378
13.300014 2352.644693
13.400015 2406.112014
13.500015 2460.383343
13.600016 2515.464678
13.700016 2571.362021
13.800016 2628.081371
13.900017 2685.628729
14.000017 2744.010094
14.100018 2803.231466
14.200018 2863.298846
14.300018 2924.218233
14.400019 2985.995628
14.500019 3048.637031
14.600019 3112.148441
14.700020 3176.535859
14.800020 3241.805286
14.900021 3307.962720
15.000021 3375.014162
15.100021 3442.965612
15.200022 3511.823071
15.300022 3581.592538
15.400023 3652.280013
15.500023 3723.891497
15.600023 3796.432989
15.700024 3869.910489
15.800024 3944.329999
15.900024 4019.697516
16.000025 4096.019043
16.100025 4173.300578
16.200026 4251.548123
16.300026 4330.767676
16.400026 4410.965238
16.500027 4492.146810
16.600027 4574.318390
16.700027 4657.485980
16.800028 4741.655579
16.900028 4826.833187
17.000029 4913.024805
17.100029 5000.236432
17.200029 5088.474069
17.300030 5177.743716
17.400030 5268.051372
17.500031 5359.403038
17.600031 5451.804714
17.700031 5545.262400
17.800032 5639.782095
17.900032 5735.369801
18.000032 5832.031517
18.100033 5929.773243
18.200033 6028.600980
18.300034 6128.520726
18.400034 6229.538483
18.500034 6331.660251
18.600035 6434.892029
18.700035 6539.239817
18.800035 6644.709617
18.900036 6751.307427
19.000036 6859.039248
19.100037 6967.911079
19.200037 7077.928922
19.300037 7189.098776
19.400038 7301.426640
19.500038 7414.918516
19.600039 7529.580403
19.700039 7645.418302
19.800039 7762.438211
19.900040 7880.646133
20.000040 8000.048065
20.100040 8120.650009
20.200041 8242.457965
20.300041 8365.477933
20.400042 8489.715912
20.500042 8615.177903
20.600042 8741.869906
20.700043 8869.797921
20.800043 8998.967948
20.900043 9129.385988
21.000044 9261.058039
21.100044 9393.990102
21.200045 9528.188178
21.300045 9663.658267
21.400045 9800.406367
21.500046 9938.438481
21.600046 10077.760606
21.700047 10218.378745
21.800047 10360.298896
21.900047 10503.527060
22.000048 10648.069237
22.100048 10793.931427
22.200048 10941.119630
22.300049 11089.639845
22.400049 11239.498074
22.500050 11390.700317
22.600050 11543.252572
22.700050 11697.160841
22.800051 11852.431123
22.900051 12009.069419
23.000051 12167.081728
23.100052 12326.474051
23.200052 12487.252388
23.300053 12649.422738
23.400053 12812.991102
23.500053 12977.963480
23.600054 13144.345872
23.700054 13312.144278
23.800055 13481.364698
23.900055 13652.013133
24.000055 13824.095581
24.100056 13997.618044
24.200056 14172.586521
24.300056 14349.007013
24.400057 14526.885519
24.500057 14706.228040
24.600058 14887.040575
24.700058 15069.329126
24.800058 15253.099690
24.900059 15438.358270
25.000059 15625.110865
25.100060 15813.363475
25.200060 16003.122099
25.300060 16194.392739
25.400061 16387.181394
25.500061 16581.494065
25.600061 16777.336750
25.700062 16974.715451
25.800062 17173.636168
25.900063 17374.104900
26.000063 17576.127648
26.100063 17779.710411
26.200064 17984.859190
26.300064 18191.579985
26.400064 18399.878796
26.500065 18609.761623
26.600065 18821.234466
26.700066 19034.303324
26.800066 19248.974200
26.900066 19465.253091
27.000067 19683.145998
27.100067 19902.658922
27.200068 20123.797863
27.300068 20346.568820
27.400068 20570.977793
27.500069 20797.030783
27.600069 21024.733790
27.700069 21254.092813
27.800070 21485.113854
27.900070 21717.802911
28.000071 21952.165986
28.100071 22188.209077
28.200071 22425.938185
28.300072 22665.359311
28.400072 22906.478454
28.500072 23149.301614
28.600073 23393.834792
28.700073 23640.083987
28.800074 23888.055200
28.900074 24137.754430
29.000074 24389.187678
29.100075 24642.360944
29.200075 24897.280227
29.300076 25153.951528
29.400076 25412.380848
29.500076 25672.574185
29.600077 25934.537540
29.700077 26198.276914
29.800077 26463.798306
29.900078 26731.107716
30.000078 27000.211144
30.100079 27271.114591
30.200079 27543.824056
30.300079 27818.345540
30.400080 28094.685043
30.500080 28372.848564
30.600080 28652.842104
30.700081 28934.671663
30.800081 29218.343240
30.900082 29503.862837
31.000082 29791.236453
31.100082 30080.470088
31.200083 30371.569742
31.300083 30664.541415
31.400084 30959.391107
31.500084 31256.124819
31.600084 31554.748551
31.700085 31855.268302
31.800085 32157.690072
31.900085 32462.019863
32.000084 32768.257813
32.100082 33076.415710
32.200081 33386.499553
32.300079 33698.515342
32.400078 34012.469077
32.500076 34328.366757
32.600075 34646.214382
32.700073 34966.017952
32.800072 35287.783466
32.900070 35611.516925
33.000069 35937.224328
33.100067 36264.911674
33.200066 36594.584964
33.300064 36926.250196
33.400063 37259.913372
33.500061 37595.580490
33.600060 37933.257551
33.700058 38272.950554
33.800056 38614.665498
33.900055 38958.408384
34.000053 39304.185211
34.100052 39652.001980
34.200050 40001.864688
34.300049 40353.779338
34.400047 40707.751927
34.500046 41063.788456
34.600044 41421.894925
34.700043 41782.077333
34.800041 42144.341680
34.900040 42508.693966
35.000038 42875.140190
35.100037 43243.686353
35.200035 43614.338453
35.300034 43987.102491
35.400032 44361.984467
35.500031 44738.990379
35.600029 45118.126229
35.700027 45499.398015
35.800026 45882.811737
35.900024 46268.373395
36.000023 46656.088989
36.100021 47045.964519
36.200020 47438.005983
36.300018 47832.219383
36.400017 48228.610717
36.500015 48627.185986
36.600014 49027.951188
36.700012 49430.912325
36.800011 49836.075395
36.900009 50243.446398
37.000008 50653.031334
37.100006 51064.836203
37.200005 51478.867004
37.300003 51895.129738
37.400002 52313.630403
37.500000 52734.375000
37.599998 53157.369528
37.699997 53582.619988
37.799995 54010.132378
37.899994 54439.912699
37.999992 54871.966949
38.099991 55306.301130
38.199989 55742.921241
38.299988 56181.833281
38.399986 56623.043250
38.499985 57066.557148
38.599983 57512.380975
38.699982 57960.520729
38.799980 58410.982412
38.899979 58863.772023
38.999977 59318.895561
39.099976 59776.359027
39.199974 60236.168419
39.299973 60698.329738
39.399971 61162.848983
39.499969 61629.732155
39.599968 62098.985252
39.699966 62570.614275
39.799965 63044.625223
39.899963 63521.024097
39.999962 63999.816895
40.099960 64481.009617
40.199959 64964.608264
40.299957 65450.618834
40.399956 65939.047329
40.499954 66429.899746
40.599953 66923.182087
40.699951 67418.900350
40.799950 67917.060536
40.899948 68417.668645
40.999947 68920.730675
41.099945 69426.252627
41.199944 69934.240501
41.299942 70444.700295
41.399940 70957.638011
41.499939 71473.059647
41.599937 71990.971204
41.699936 72511.378680
41.799934 73034.288077
41.899933 73559.705393
41.999931 74087.636628
42.099930 74618.087782
42.199928 75151.064855
42.299927 75686.573846
42.399925 76224.620756
42.499924 76765.211583
42.599922 77308.352328
42.699921 77854.048990
42.799919 78402.307569
42.899918 78953.134066
42.999916 79506.534478
43.099915 80062.514807
43.199913 80621.081052
43.299911 81182.239212
43.399910 81745.995288
43.499908 82312.355279
43.599907 82881.325185
43.699905 83452.911005
43.799904 84027.118740
43.899902 84603.954389
43.999901 85183.423951
44.099899 85765.533428
44.199898 86350.288817
44.299896 86937.696119
44.399895 87527.761334
44.499893 88120.490461
44.599892 88715.889500
44.699890 89313.964451
44.799889 89914.721314
44.899887 90518.166088
44.999886 91124.304773
45.099884 91733.143369
45.199883 92344.687875
45.299881 92958.944292
45.399879 93575.918618
45.499878 94195.616854
45.599876 94818.044999
45.699875 95443.209054
45.799873 96071.115017
45.899872 96701.768889
45.999870 97335.176669
46.099869 97971.344357
46.199867 98610.277952
46.299866 99251.983456
46.399864 99896.466866
46.499863 100543.734183
46.599861 101193.791407
46.699860 101846.644537
46.799858 102502.299573
46.899857 103160.762515
46.999855 103822.039363
47.099854 104486.136116
47.199852 105153.058774
47.299850 105822.813336
47.399849 106495.405803
47.499847 107170.842174
47.599846 107849.128449
47.699844 108530.270627
47.799843 109214.274709
47.899841 109901.146694
47.999840 110590.892582
48.099838 111283.518372
48.199837 111979.030064
48.299835 112677.433659
48.399834 113378.735155
48.499832 114082.940552
48.599831 114790.055851
48.699829 115500.087050
48.799828 116213.040150
48.899826 116928.921150
48.999825 117647.736050
49.099823 118369.490850
49.199821 119094.191550
49.299820 119821.844149
49.399818 120552.454646
49.499817 121286.029042
49.599815 122022.573337
49.699814 122762.093530
49.799812 123504.595620
49.899811 124250.085609
49.999809 124998.569494
50.099808 125750.053276
50.199806 126504.542956
50.299805 127262.044531
50.399803 128022.564003
50.499802 128786.107371
50.599800 129552.680634
50.699799 130322.289793
50.799797 131094.940846
50.899796 131870.639795
50.999794 132649.392638
51.099792 133431.205375
51.199791 134216.084007
51.299789 135004.034532
51.399788 135795.062950
51.499786 136589.175262
51.599785 137386.377466
51.699783 138186.675564
51.799782 138990.075553
51.899780 139796.583435
51.999779 140606.205208
52.099777 141418.946873
52.199776 142234.814429
52.299774 143053.813876
52.399773 143875.951213
52.499771 144701.232442
52.599770 145529.663560
52.699768 146361.250568
52.799767 147195.999466
52.899765 148033.916253
52.999763 148875.006929
53.099762 149719.277494
53.199760 150566.733947
53.299759 151417.382288
53.399757 152271.228518
53.499756 153128.278635
53.599754 153988.538640
53.699753 154852.014531
53.799751 155718.712310
53.899750 156588.637975
53.999748 157461.797526
54.099747 158338.196964
54.199745 159217.842287
54.299744 160100.739495
54.399742 160986.894589
54.499741 161876.313568
54.599739 162769.002431
54.699738 163664.967179
54.799736 164564.213811
54.899734 165466.748326
54.999733 166372.576725
55.099731 167281.705008
55.199730 168194.139173
55.299728 169109.885221
55.399727 170028.949152
55.499725 170951.336965
55.599724 171877.054659
55.699722 172806.108236
55.799721 173738.503693
55.899719 174674.247032
55.999718 175613.344252
56.099716 176555.801352
56.199715 177501.624332
56.299713 178450.819192
56.399712 179403.391932
56.499710 180359.348552
56.599709 181318.695050
56.699707 182281.437428
56.799706 183247.581684
56.899704 184217.133818
56.999702 185190.099831
57.099701 186166.485721
57.199699 187146.297488
57.299698 188129.541133
57.399696 189116.222655
57.499695 190106.348054
57.599693 191099.923329
57.699692 192096.954480
57.799690 193097.447507
57.899689 194101.408409
57.999687 195108.843187
58.099686 196119.757840
58.199684 197134.158368
58.299683 198152.050770
58.399681 199173.441046
58.499680 200198.335196
58.599678 201226.739220
58.699677 202258.659118
58.799675 203294.100888
58.899673 204333.070531
58.999672 205375.574047
59.099670 206421.617435
59.199669 207471.206695
59.299667 208524.347827
59.399666 209581.046830
59.499664 210641.309705
59.599663 211705.142450
59.699661 212772.551066
59.799660 213843.541553
59.899658 214918.119909
59.999657 215996.292135
60.099655 217078.064231
60.199654 218163.442196
60.299652 219252.432031
60.399651 220345.039733
60.499649 221441.271305
60.599648 222541.132744
60.699646 223644.630051
60.799644 224751.769226
60.899643 225862.556268
60.999641 226976.997178
61.099640 228095.097954
61.199638 229216.864597
61.299637 230342.303105
61.399635 231471.419480
61.499634 232604.219721
61.599632 233740.709827
61.699631 234880.895798
61.799629 236024.783634
61.899628 237172.379334
61.999626 238323.688899
62.099625 239478.718328
62.199623 240637.473621
62.299622 241799.960777
62.399620 242966.185797
62.499619 244136.154679
62.599617 245309.873424
62.699615 246487.348031
62.799614 247668.584501
62.899612 248853.588832
62.999611 250042.367025
63.099609 251234.925080
63.199608 252431.268995
63.299606 253631.404771
63.399605 254835.338408
63.499603 256043.075904
63.599602 257254.623261
63.699600 258469.986477
63.799599 259689.171553
63.899597 260912.184488
63.999596 262139.031281
64.099594 263369.717934
64.199593 264604.250444
64.299591 265842.634812
64.399590 267084.877039
64.499588 268330.983122
64.599586 269580.959063
64.699585 270834.810861
64.799583 272092.544515
64.899582 273354.166026
64.999580 274619.681393
65.099579 275889.096615
65.199577 277162.417693
65.299576 278439.650627
65.399574 279720.801415
65.499573 281005.876058
65.599571 282294.880556
65.699570 283587.820907
65.799568 284884.703113
65.899567 286185.533172
65.999565 287490.317085
66.099564 288799.060850
66.199562 290111.770468
66.299561 291428.451939
66.399559 292749.111262
66.499557 294073.754437
66.599556 295402.387464
66.699554 296735.016342
66.799553 298071.647072
66.899551 299412.285652
66.999550 300756.938082
67.099548 302105.610363
67.199547 303458.308495
67.299545 304815.038475
67.399544 306175.806306
67.499542 307540.617985
67.599541 308909.479514
67.699539 310282.396891
67.799538 311659.376116
67.899536 313040.423190
67.999535 314425.544112
68.099533 315814.744881
68.199532 317208.031497
68.299530 318605.409960
68.399529 320006.886270
68.499527 321412.466427
68.599525 322822.156430
68.699524 324235.962279
68.799522 325653.889973
68.899521 327075.945513
68.999519 328502.134897
69.099518 329932.464127
69.199516 331366.939201
69.299515 332805.566120
69.399513 334248.350882
69.499512 335695.299488
69.599510 337146.417938
69.699509 338601.712231
69.799507 340061.188366
69.899506 341524.852345
69.999504 342992.710165
70.099503 344464.767828
70.199501 345941.031332
70.299500 347421.506678
70.399498 348906.199866
70.499496 350395.116894
70.599495 351888.263763
70.699493 353385.646472
70.799492 354887.271022
70.899490 356393.143411
70.999489 357903.269640
71.099487 359417.655709
71.199486 360936.307616
71.299484 362459.231362
71.399483 363986.432947
71.499481 365517.918370
71.599480 367053.693631
71.699478 368593.764729
71.799477 370138.137665
71.899475 371686.818438
71.999474 373239.813048
72.099472 374797.127495
72.199471 376358.767777
72.299469 377924.739896
72.399467 379495.049851
72.499466 381069.703641
72.599464 382648.707266
72.699463 384232.066726
72.799461 385819.788021
72.899460 387411.877151
72.999458 389008.340114
73.099457 390609.182911
73.199455 392214.411542
73.299454 393824.032006
73.399452 395438.050303
73.499451 397056.472433
73.599449 398679.304395
73.699448 400306.552190
73.799446 401938.221816
73.899445 403574.319274
73.999443 405214.850563
74.099442 406859.821684
74.199440 408509.238635
74.299438 410163.107417
74.399437 411821.434029
74.499435 413484.224471
74.599434 415151.484743
74.699432 416823.220844
74.799431 418499.438774
74.899429 420180.144533
74.999428 421865.344121
75.099426 423555.043537
75.199425 425249.248782
75.299423 426947.965854
75.399422 428651.200753
75.499420 430358.959480
75.599419 432071.248034
75.699417 433788.072414
75.799416 435509.438621
75.899414 437235.352654
75.999413 438965.820513
76.099411 440700.848198
76.199409 442440.441708
76.299408 444184.607042
76.399406 445933.350202
76.499405 447686.677186
76.599403 449444.593995
76.699402 451207.106627
76.799400 452974.221083
76.899399 454745.943362
76.999397 456522.279465
77.099396 458303.235390
77.199394 460088.817138
77.299393 461879.030708
77.399391 463673.882100
77.499390 465473.377314
77.599388 467277.522350
77.699387 469086.323207
77.799385 470899.785884
77.899384 472717.916382
77.999382 474540.720701
78.099380 476368.204840
78.199379 478200.374798
78.299377 480037.236576
78.399376 481878.796174
78.499374 483725.059590
78.599373 485576.032825
78.699371 487431.721879
78.799370 489292.132750
78.899368 491157.271440
78.999367 493027.143947
79.099365 494901.756272
79.199364 496781.114414
79.299362 498665.224372
79.399361 500554.092147
79.499359 502447.723738
79.599358 504346.125146
79.699356 506249.302369
79.799355 508157.261407
79.899353 510070.008261
79.999352 511987.548929
80.099350 513909.889412
80.199348 515837.035709
80.299347 517768.993821
80.399345 519705.769746
80.499344 521647.369485
80.599342 523593.799037
80.699341 525545.064402
80.799339 527501.171579
80.899338 529462.126569
80.999336 531427.935372
81.099335 533398.603986
81.199333 535374.138411
81.299332 537354.544648
81.399330 539339.828696
81.499329 541329.996555
81.599327 543325.054224
81.699326 545325.007704
81.799324 547329.862993
81.899323 549339.626092
81.999321 551354.303000
82.099319 553373.899718
82.199318 555398.422244
82.299316 557427.876579
82.399315 559462.268722
82.499313 561501.604674
82.599312 563545.890433
82.699310 565595.131999
82.799309 567649.335373
82.899307 569708.506553
82.999306 571772.651541
83.099304 573841.776334
83.199303 575915.886934
83.299301 577994.989339
83.399300 580079.089550
83.499298 582168.193567
83.599297 584262.307388
83.699295 586361.437014
83.799294 588465.588445
83.899292 590574.767679
83.999290 592688.980718
84.099289 594808.233560
84.199287 596932.532205
84.299286 599061.882654
84.399284 601196.290905
84.499283 603335.762959
84.599281 605480.304815
84.699280 607629.922473
84.799278 609784.621933
84.899277 611944.409195
84.999275 614109.290257
85.099274 616279.271120
85.199272 618454.357784
85.299271 620634.556248
85.399269 622819.872513
85.499268 625010.312577
85.599266 627205.882440
85.699265 629406.588103
85.799263 631612.435565
85.899261 633823.430825
85.999260 636039.579884
86.099258 638260.888741
86.199257 640487.363395
86.299255 642719.009848
86.399254 644955.834097
86.499252 647197.842144
86.599251 649445.039988
86.699249 651697.433627
86.799248 653955.029064
86.899246 656217.832296
86.999245 658485.849323
87.099243 660759.086146
87.199242 663037.548765
87.299240 665321.243178
87.399239 667610.175385
87.499237 669904.351387
87.599236 672203.777183
87.699234 674508.458773
87.799232 676818.402156
87.899231 679133.613332
87.999229 681454.098301
88.099228 683779.863063
88.199226 686110.913617
88.299225 688447.255964
88.399223 690788.896102
88.499222 693135.840031
88.599220 695488.093752
88.699219 697845.663264
88.799217 700208.554567
88.899216 702576.773660
88.999214 704950.326543
89.099213 707329.219216
89.199211 709713.457678
89.299210 712103.047931
89.399208 714497.995972
89.499207 716898.307801
89.599205 719303.989420
89.699203 721715.046827
89.799202 724131.486021
89.899200 726553.313003
89.999199 728980.533773
90.099197 731413.154330
90.199196 733851.180674
90.299194 736294.618804
90.399193 738743.474721
90.499191 741197.754423
90.599190 743657.463912
90.699188 746122.609186
90.799187 748593.196245
90.899185 751069.231089
90.999184 753550.719718
91.099182 756037.668131
91.199181 758530.082328
91.299179 761027.968309
91.399178 763531.332074
91.499176 766040.179622
91.599174 768554.516953
91.699173 771074.350067
91.799171 773599.684963
91.899170 776130.527642
91.999168 778666.884102
92.099167 781208.760344
92.199165 783756.162367
92.299164 786309.096172
92.399162 788867.567757
92.499161 791431.583123
92.599159 794001.148269
92.699158 796576.269195
92.799156 799156.951901
92.899155 801743.202387
92.999153 804335.026651
93.099152 806932.430695
93.199150 809535.420517
93.299149 812144.002117
93.399147 814758.181496
93.499146 817377.964652
93.599144 820003.357586
93.699142 822634.366297
93.799141 825270.996785
93.899139 827913.255050
93.999138 830561.147091
94.099136 833214.678908
94.199135 835873.856501
94.299133 838538.685870
94.399132 841209.173014
94.499130 843885.323933
94.599129 846567.144627
94.699127 849254.641096
94.799126 851947.819339
94.899124 854646.685355
94.999123 857351.245146
95.099121 860061.504710
95.199120 862777.470047
95.299118 865499.147156
95.399117 868226.542039
95.499115 870959.660693
95.599113 873698.509120
95.699112 876443.093319
95.799110 879193.419289
95.899109 881949.493030
95.999107 884711.320542
96.099106 887478.907825
96.199104 890252.260878
96.299103 893031.385701
96.399101 895816.288294
96.499100 898606.974657
96.599098 901403.450789
96.699097 904205.722690
96.799095 907013.796360
96.899094 909827.677798
96.999092 912647.373004
97.099091 915472.887979
97.199089 918304.228721
97.299088 921141.401230
97.399086 923984.411506
97.499084 926833.265550
97.599083 929687.969360
97.699081 932548.528936
97.799080 935414.950278
97.899078 938287.239385
97.999077 941165.402259
98.099075 944049.444897
98.199074 946939.373300
98.299072 949835.193468
98.399071 952736.911400
98.499069 955644.533097
98.599068 958558.064557
98.699066 961477.511780
98.799065 964402.880767
98.899063 967334.177517
98.999062 970271.408030
99.099060 973214.578305
99.199059 976163.694342
99.299057 979118.762141
99.399055 982079.787702
99.499054 985046.777023
99.599052 988019.736106
99.699051 990998.670950
99.799049 993983.587554
99.899048 996974.491919
99.999046 999971.390043
