0.000000 0.000000
15.000000 0.000000
37.500000 0.000000
53.000000 0.000000
69.000000 0.000000
85.000000 0.000000
101.000000 0.000000
117.000000 0.000000
133.000000 0.000000
149.000000 0.000000
165.000000 0.000000
181.000000 0.000000
197.000000 0.000000
213.000000 0.000000
229.000000 0.000000
245.000000 0.000000
261.000000 0.000000
277.000000 0.000000
293.000000 0.000000
309.000000 0.000000
325.000000 0.000000
341.000000 0.000000
357.000000 0.000000
373.000000 0.000000
389.000000 0.000000
405.000000 0.000000
421.000000 0.000000
437.000000 0.000000
453.000000 0.000000
469.000000 0.000000
485.000000 0.000000
501.000000 0.000000
517.000000 0.000000
533.000000 0.000000
549.000000 0.000000
565.000000 0.000000
581.000000 0.000000
597.000000 0.000000
613.000000 0.000000
629.000000 0.000000
632.500000 0.000000
628.000000 0.000000
626.500000 0.000000
624.000000 0.000000
623.500000 0.000000
624.000000 0.000000
624.000000 0.000000
624.000000 0.000000
623.500000 0.000000
620.500000 0.000000
618.500000 0.000000
619.000000 0.000000
619.000000 0.000000
619.000000 0.000000
619.000000 0.000000
619.000000 0.000000
617.500000 0.000000
616.500000 0.000000
617.000000 0.000000
617.000000 0.000000
617.000000 0.000000
617.000000 0.000000
617.000000 0.000000
617.000000 0.000000
618.000000 0.000000
619.000000 0.000000
619.500000 0.000000
619.500000 0.000000
618.500000 0.000000
617.500000 0.000000
616.500000 0.000000
616.000000 0.000000
616.000000 0.000000
615.000000 0.000000
614.000000 0.000000
613.500000 0.000000
613.000000 0.000000
615.500000 0.000000
617.000000 0.000000
617.500000 0.000000
619.000000 0.000000
619.000000 0.000000
619.000000 0.000000
619.000000 0.000000
619.000000 0.000000
619.000000 0.000000
619.000000 0.000000
619.000000 0.000000
620.000000 0.000000
621.500000 0.000000
622.000000 0.000000
622.000000 0.000000
622.500000 0.000000
622.500000 0.000000
622.500000 0.000000
623.000000 0.000000
623.500000 0.000000
625.500000 0.000000
627.500000 0.000000
628.500000 0.000000
629.000000 0.000000
629.000000 0.000000
627.500000 0.000000
626.500000 0.000000
626.500000 0.000000
626.000000 0.000000
626.000000 0.000000
626.000000 0.000000
626.000000 0.000000
626.000000 0.000000
626.000000 0.000000
636.000000 0.000000
646.000000 0.000000
645.500000 0.000000
645.000000 0.000000
645.000000 0.000000
645.500000 0.000000
645.500000 0.000000
645.000000 0.000000
647.000000 0.000000
649.500000 0.000000
650.000000 0.000000
618.500000 0.000000
587.000000 0.000000
587.000000 0.000000
587.500000 0.000000
588.000000 0.000000
588.000000 0.000000
588.000000 0.000000
594.500000 0.000000
601.500000 0.000000
602.000000 0.000000
602.000000 0.000000
602.500000 0.000000
603.000000 0.000000
569.500000 0.000000
535.500000 0.000000
535.500000 0.000000
536.000000 0.000000
535.500000 0.000000
535.000000 0.000000
533.500000 0.000000
532.000000 0.000000
532.000000 0.000000
533.500000 0.000000
534.500000 0.000000
534.500000 0.000000
535.000000 0.000000
533.000000 0.000000
532.000000 0.000000
531.500000 0.000000
530.500000 0.000000
531.000000 0.000000
531.000000 0.000000
530.500000 0.000000
528.500000 0.000000
526.500000 0.000000
526.000000 0.000000
525.500000 0.000000
524.500000 0.000000
524.000000 0.000000
524.000000 0.000000
524.000000 0.000000
527.000000 0.000000
530.000000 0.000000
530.500000 0.000000
531.500000 0.000000
532.000000 0.000000
532.000000 0.000000
532.000000 0.000000
532.500000 0.000000
533.000000 0.000000
533.000000 0.000000
533.000000 0.000000
533.000000 0.000000
536.000000 0.000000
539.000000 0.000000
539.500000 0.000000
539.000000 0.000000
538.000000 0.000000
538.500000 0.000000
539.000000 0.000000
539.000000 0.000000
539.000000 0.000000
539.000000 0.000000
539.000000 0.000000
539.000000 0.000000
539.000000 0.000000
539.000000 0.000000
539.000000 0.000000
540.000000 0.000000
542.000000 0.000000
544.000000 0.000000
544.500000 0.000000
543.500000 0.000000
543.000000 0.000000
543.000000 0.000000
543.500000 0.000000
542.000000 0.000000
538.500000 0.000000
536.000000 0.000000
536.000000 0.000000
537.500000 0.000000
538.000000 0.000000
538.000000 0.000000
537.000000 0.000000
536.500000 0.000000
535.500000 0.000000
534.000000 0.000000
534.000000 0.000000
534.000000 0.000000
534.500000 0.000000
536.000000 0.000000
537.000000 0.000000
537.000000 0.000000
531.500000 0.000000
526.000000 0.000000
526.000000 0.000000
526.000000 0.000000
526.500000 0.000000
519.500000 0.000000
512.000000 0.000000
512.500000 0.000000
513.000000 0.000000
512.000000 0.000000
511.000000 0.000000
511.000000 0.000000
511.000000 0.000000
511.000000 0.000000
510.500000 0.000000
510.500000 0.000000
508.500000 0.000000
502.500000 0.000000
497.000000 0.000000
488.500000 0.000000
483.000000 0.000000
507.500000 0.000000
537.000000 0.000000
534.500000 0.000000
524.000000 0.000000
523.500000 0.000000
525.000000 0.000000
525.500000 0.000000
526.500000 0.000000
527.000000 0.000000
526.000000 0.000000
525.000000 0.000000
525.500000 0.000000
525.500000 0.000000
521.500000 0.000000
518.000000 0.000000
518.000000 0.000000
518.000000 0.000000
518.000000 0.000000
524.500000 0.000000
531.500000 0.000000
532.000000 0.000000
531.500000 0.000000
525.500000 0.000000
520.000000 0.000000
519.000000 0.000000
518.000000 0.000000
518.000000 0.000000
517.000000 0.000000
516.000000 0.000000
517.500000 0.000000
518.500000 0.000000
518.000000 0.000000
518.500000 0.000000
518.500000 0.000000
520.000000 0.000000
522.000000 0.000000
522.000000 0.000000
522.000000 0.000000
523.500000 0.000000
526.000000 0.000000
526.000000 0.000000
525.500000 0.000000
526.000000 0.000000
526.500000 0.000000
527.000000 0.000000
527.500000 0.000000
528.000000 0.000000
528.000000 0.000000
528.000000 0.000000
528.500000 0.000000
529.000000 0.000000
504.500000 0.000000
480.500000 0.000000
481.000000 0.000000
481.000000 0.000000
481.000000 0.000000
481.000000 0.000000
481.000000 0.000000
481.000000 0.000000
478.000000 0.000000
475.000000 0.000000
475.000000 0.000000
475.000000 0.000000
475.000000 0.000000
475.000000 0.000000
475.000000 0.000000
475.000000 0.000000
475.000000 0.000000
475.000000 0.000000
475.000000 0.000000
475.500000 0.000000
476.000000 0.000000
476.500000 0.000000
477.000000 0.000000
479.500000 0.000000
482.000000 0.000000
482.000000 0.000000
478.500000 0.000000
475.000000 0.000000
475.000000 0.000000
476.500000 0.000000
478.000000 0.000000
478.000000 0.000000
486.500000 0.000000
495.000000 0.000000
495.000000 0.000000
496.000000 0.000000
497.000000 0.000000
497.000000 0.000000
497.000000 0.000000
501.000000 0.000000
505.000000 0.000000
504.500000 0.000000
504.500000 0.000000
504.500000 0.000000
504.000000 0.000000
504.000000 0.000000
504.000000 0.000000
509.000000 0.000000
513.500000 0.000000
513.000000 0.000000
512.500000 0.000000
514.000000 0.000000
515.500000 0.000000
515.500000 0.000000
516.000000 0.000000
515.500000 0.000000
515.000000 0.000000
516.500000 0.000000
518.500000 0.000000
519.000000 0.000000
512.500000 0.000000
506.000000 0.000000
506.000000 0.000000
512.000000 0.000000
518.000000 0.000000
518.000000 0.000000
517.500000 0.000000
517.000000 0.000000
517.500000 0.000000
518.000000 0.000000
517.500000 0.000000
516.500000 0.000000
512.500000 0.000000
509.000000 0.000000
509.000000 0.000000
509.000000 0.000000
509.000000 0.000000
515.000000 0.000000
520.500000 0.000000
520.500000 0.000000
521.000000 0.000000
523.000000 0.000000
524.000000 0.000000
524.000000 0.000000
524.500000 0.000000
524.000000 0.000000
524.000000 0.000000
524.000000 0.000000
523.500000 0.000000
523.500000 0.000000
523.500000 0.000000
522.000000 0.000000
521.000000 0.000000
521.000000 0.000000
520.500000 0.000000
520.000000 0.000000
520.000000 0.000000
520.000000 0.000000
529.000000 0.000000
538.500000 0.000000
539.000000 0.000000
539.000000 0.000000
539.000000 0.000000
539.000000 0.000000
540.000000 0.000000
539.000000 0.000000
531.500000 0.000000
526.500000 0.000000
565.500000 0.000000
599.000000 0.000000
594.000000 0.000000
592.000000 0.000000
588.500000 0.000000
587.000000 0.000000
