0.000000 0.017500
0.100000 0.017837
0.200000 0.018180
0.300000 0.018529
0.400000 0.018885
0.500000 0.019249
0.600000 0.019619
0.700000 0.019996
0.800000 0.020380
0.900000 0.020772
1.000000 0.021172
1.100000 0.021579
1.200000 0.021994
1.300000 0.022417
1.400000 0.022848
1.500000 0.023287
1.600000 0.023735
1.700000 0.024191
1.800000 0.024657
1.900000 0.025131
2.000000 0.025614
2.100000 0.026106
2.200000 0.026608
2.300000 0.027120
2.400000 0.027642
2.500000 0.028173
2.600000 0.028715
2.700000 0.029267
2.799999 0.029830
2.899999 0.030403
2.999999 0.030988
3.099999 0.031584
3.199999 0.032191
3.299999 0.032810
3.399999 0.033441
3.499999 0.034084
3.599999 0.034739
3.699999 0.035407
3.799999 0.036088
3.899998 0.036782
3.999998 0.037489
4.099998 0.038209
4.199998 0.038944
4.299998 0.039693
4.399998 0.040456
4.499998 0.041234
4.599998 0.042026
4.699998 0.042834
4.799998 0.043658
4.899998 0.044497
4.999998 0.045353
5.099998 0.046225
5.199997 0.047113
5.299997 0.048019
5.399997 0.048942
5.499997 0.049883
5.599997 0.050842
5.699997 0.051819
5.799997 0.052815
5.899997 0.053830
5.999997 0.054865
6.099997 0.055919
6.199996 0.056994
6.299996 0.058090
6.399996 0.059206
6.499996 0.060344
6.599996 0.061504
6.699996 0.062686
6.799996 0.063891
6.899996 0.065118
6.999996 0.066370
7.099996 0.067645
7.199996 0.068945
7.299995 0.070270
7.399995 0.071620
7.499995 0.072996
7.599995 0.074399
7.699995 0.075828
7.799995 0.077285
7.899995 0.078770
7.999995 0.080283
8.099995 0.081825
8.199995 0.083397
8.299995 0.084999
8.399996 0.086632
8.499996 0.088296
8.599997 0.089991
8.699997 0.091720
8.799997 0.093481
8.899998 0.095276
8.999998 0.097106
9.099998 0.098970
9.199999 0.100870
9.299999 0.102807
9.400000 0.104780
9.500000 0.106792
9.600000 0.108841
9.700001 0.110930
9.800001 0.113059
9.900002 0.115229
10.000002 0.117440
10.100002 0.119693
10.200003 0.121990
10.300003 0.124330
10.400003 0.126715
10.500004 0.129145
10.600004 0.131621
10.700005 0.134145
10.800005 0.136717
10.900005 0.139338
11.000006 0.142009
11.100006 0.144731
11.200006 0.147505
11.300007 0.150331
11.400007 0.153211
11.500008 0.156146
11.600008 0.159137
11.700008 0.162184
11.800009 0.165289
11.900009 0.168453
12.000010 0.171678
12.100010 0.174963
12.200010 0.178310
12.300011 0.181721
12.400011 0.185197
12.500011 0.188738
12.600012 0.192346
12.700012 0.196022
12.800013 0.199768
12.900013 0.203584
13.000013 0.207472
13.100014 0.211433
13.200014 0.215469
13.300014 0.219581
13.400015 0.223770
13.500015 0.228037
13.600016 0.232384
13.700016 0.236813
13.800016 0.241325
13.900017 0.245921
14.000017 0.250603
14.100018 0.255372
14.200018 0.260229
14.300018 0.265178
14.400019 0.270218
14.500019 0.275351
14.600019 0.280580
14.700020 0.285905
14.800020 0.291328
14.900021 0.296852
15.000021 0.302477
15.100021 0.308206
15.200022 0.314039
15.300022 0.319980
15.400023 0.326029
15.500023 0.332188
15.600023 0.338459
15.700024 0.344845
15.800024 0.351346
15.900024 0.357964
16.000025 0.364702
16.100025 0.371561
16.200026 0.378543
16.300026 0.385650
16.400026 0.392884
16.500027 0.400247
16.600027 0.407740
16.700027 0.415366
16.800028 0.423126
16.900028 0.431022
17.000029 0.439057
17.100029 0.447231
17.200029 0.455548
17.300030 0.464009
17.400030 0.472615
17.500031 0.481370
17.600031 0.490273
17.700031 0.499328
17.800032 0.508537
17.900032 0.517900
18.000032 0.527421
18.100033 0.537100
18.200033 0.546939
18.300034 0.556940
18.400034 0.567106
18.500034 0.577436
18.600035 0.587934
18.700035 0.598600
18.800035 0.609436
18.900036 0.620444
19.000036 0.631625
19.100037 0.642980
19.200037 0.654510
19.300037 0.666217
19.400038 0.678102
19.500038 0.690166
19.600039 0.702410
19.700039 0.714834
19.800039 0.727439
19.900040 0.740227
20.000040 0.753197
20.100040 0.766351
20.200041 0.779687
20.300041 0.793208
20.400042 0.806912
20.500042 0.820799
20.600042 0.834870
20.700043 0.849124
20.800043 0.863561
20.900043 0.878179
21.000044 0.892979
21.100044 0.907959
21.200045 0.923117
21.300045 0.938454
21.400045 0.953966
21.500046 0.969653
21.600046 0.985512
21.700047 1.001542
21.800047 1.017740
21.900047 1.034104
22.000048 1.050631
22.100048 1.067319
22.200048 1.084163
22.300049 1.101161
22.400049 1.118310
22.500050 1.135605
22.600050 1.153044
22.700050 1.170621
22.800051 1.188332
22.900051 1.206173
23.000051 1.224140
23.100052 1.242227
23.200052 1.260429
23.300053 1.278741
23.400053 1.297157
23.500053 1.315672
23.600054 1.334281
23.700054 1.352976
23.800055 1.371752
23.900055 1.390603
24.000055 1.409523
24.100056 1.428504
24.200056 1.447541
24.300056 1.466625
24.400057 1.485752
24.500057 1.504913
24.600058 1.524102
24.700058 1.543312
24.800058 1.562536
24.900059 1.581766
25.000059 1.600995
25.100060 1.620217
25.200060 1.639425
25.300060 1.658610
25.400061 1.677767
25.500061 1.696888
25.600061 1.715966
25.700062 1.734994
25.800062 1.753966
25.900063 1.772875
26.000063 1.791715
26.100063 1.810478
26.200064 1.829159
26.300064 1.847752
26.400064 1.866250
26.500065 1.884647
26.600065 1.902939
26.700066 1.921118
26.800066 1.939181
26.900066 1.957122
27.000067 1.974935
27.100067 1.992617
27.200068 2.010162
27.300068 2.027566
27.400068 2.044825
27.500069 2.061936
27.600069 2.078893
27.700069 2.095695
27.800070 2.112336
27.900070 2.128816
28.000071 2.145129
28.100071 2.161274
28.200071 2.177249
28.300072 2.193050
28.400072 2.208677
28.500072 2.224126
28.600073 2.239396
28.700073 2.254487
28.800074 2.269395
28.900074 2.284121
29.000074 2.298663
29.100075 2.313021
29.200075 2.327193
29.300076 2.341180
29.400076 2.354981
29.500076 2.368596
29.600077 2.382024
29.700077 2.395267
29.800077 2.408323
29.900078 2.421194
30.000078 2.433881
30.100079 2.446382
30.200079 2.458701
30.300079 2.470836
30.400080 2.482790
30.500080 2.494562
30.600080 2.506155
30.700081 2.517569
30.800081 2.528805
30.900082 2.539866
31.000082 2.550752
31.100082 2.561465
31.200083 2.572006
31.300083 2.582376
31.400084 2.592579
31.500084 2.602614
31.600084 2.612485
31.700085 2.622192
31.800085 2.631737
31.900085 2.641123
32.000084 2.650350
32.100082 2.659422
32.200081 2.668339
32.300079 2.677104
32.400078 2.685719
32.500076 2.694185
32.600075 2.702505
32.700073 2.710680
32.800072 2.718713
32.900070 2.726605
33.000069 2.734359
33.100067 2.741975
33.200066 2.749457
33.300064 2.756807
33.400063 2.764025
33.500061 2.771115
33.600060 2.778077
33.700058 2.784915
33.800056 2.791630
33.900055 2.798223
34.000053 2.804698
34.100052 2.811055
34.200050 2.817296
34.300049 2.823424
34.400047 2.829440
34.500046 2.835345
34.600044 2.841143
34.700043 2.846835
34.800041 2.852421
34.900040 2.857905
35.000038 2.863288
35.100037 2.868571
35.200035 2.873756
35.300034 2.878846
35.400032 2.883841
35.500031 2.888743
35.600029 2.893554
35.700027 2.898275
35.800026 2.902908
35.900024 2.907455
36.000023 2.911916
36.100021 2.916294
36.200020 2.920590
36.300018 2.924806
36.400017 2.928942
36.500015 2.933001
36.600014 2.936983
36.700012 2.940891
36.800011 2.944725
36.900009 2.948486
37.000008 2.952177
37.100006 2.955797
37.200005 2.959350
37.300003 2.962835
37.400002 2.966255
37.500000 2.969609
37.599998 2.972900
37.699997 2.976129
37.799995 2.979297
37.899994 2.982404
37.999992 2.985452
38.099991 2.988443
38.199989 2.991377
38.299988 2.994254
38.399986 2.997078
38.499985 2.999847
38.599983 3.002564
38.699982 3.005229
38.799980 3.007843
38.899979 3.010408
38.999977 3.012923
39.099976 3.015391
39.199974 3.017811
39.299973 3.020186
39.399971 3.022515
39.499969 3.024799
39.599968 3.027040
39.699966 3.029238
39.799965 3.031394
39.899963 3.033509
39.999962 3.035584
40.099960 3.037619
40.199959 3.039614
40.299957 3.041572
40.399956 3.043492
40.499954 3.045376
40.599953 3.047223
40.699951 3.049036
40.799950 3.050813
40.899948 3.052556
40.999947 3.054266
41.099945 3.055944
41.199944 3.057589
41.299942 3.059202
41.399940 3.060785
41.499939 3.062337
41.599937 3.063860
41.699936 3.065353
41.799934 3.066818
41.899933 3.068254
41.999931 3.069663
42.099930 3.071046
42.199928 3.072401
42.299927 3.073731
42.399925 3.075035
42.499924 3.076314
42.599922 3.077568
42.699921 3.078799
42.799919 3.080005
42.899918 3.081189
42.999916 3.082350
43.099915 3.083488
43.199913 3.084605
43.299911 3.085701
43.399910 3.086775
43.499908 3.087829
43.599907 3.088862
43.699905 3.089876
43.799904 3.090870
43.899902 3.091845
43.999901 3.092801
44.099899 3.093739
44.199898 3.094659
44.299896 3.095561
44.399895 3.096446
44.499893 3.097314
44.599892 3.098165
44.699890 3.099000
44.799889 3.099819
44.899887 3.100622
44.999886 3.101410
45.099884 3.102182
45.199883 3.102940
45.299881 3.103683
45.399879 3.104412
45.499878 3.105127
45.599876 3.105828
45.699875 3.106515
45.799873 3.107190
45.899872 3.107851
45.999870 3.108500
46.099869 3.109136
46.199867 3.109760
46.299866 3.110372
46.399864 3.110973
46.499863 3.111562
46.599861 3.112139
46.699860 3.112705
46.799858 3.113261
46.899857 3.113806
46.999855 3.114340
47.099854 3.114864
47.199852 3.115378
47.299850 3.115882
47.399849 3.116376
47.499847 3.116861
47.599846 3.117337
47.699844 3.117803
47.799843 3.118261
47.899841 3.118709
47.999840 3.119149
48.099838 3.119581
48.199837 3.120004
48.299835 3.120419
48.399834 3.120826
48.499832 3.121226
48.599831 3.121617
48.699829 3.122001
48.799828 3.122378
48.899826 3.122748
48.999825 3.123110
49.099823 3.123465
49.199821 3.123814
49.299820 3.124156
49.399818 3.124491
49.499817 3.124820
49.599815 3.125143
49.699814 3.125459
49.799812 3.125769
49.899811 3.126073
49.999809 3.126372
50.099808 3.126665
50.199806 3.126952
50.299805 3.127233
50.399803 3.127509
50.499802 3.127780
50.599800 3.128046
50.699799 3.128306
50.799797 3.128562
50.899796 3.128812
50.999794 3.129058
51.099792 3.129299
51.199791 3.129536
51.299789 3.129767
51.399788 3.129995
51.499786 3.130218
51.599785 3.130437
51.699783 3.130651
51.799782 3.130862
51.899780 3.131068
51.999779 3.131270
52.099777 3.131469
52.199776 3.131664
52.299774 3.131854
52.399773 3.132042
52.499771 3.132225
52.599770 3.132406
52.699768 3.132582
52.799767 3.132755
52.899765 3.132925
52.999763 3.133092
53.099762 3.133256
53.199760 3.133416
53.299759 3.133573
53.399757 3.133727
53.499756 3.133879
53.599754 3.134027
53.699753 3.134172
53.799751 3.134315
53.899750 3.134455
53.999748 3.134592
54.099747 3.134727
54.199745 3.134859
54.299744 3.134989
54.399742 3.135116
54.499741 3.135240
54.599739 3.135362
54.699738 3.135482
54.799736 3.135600
54.899734 3.135715
54.999733 3.135828
55.099731 3.135939
55.199730 3.136047
55.299728 3.136154
55.399727 3.136259
55.499725 3.136361
55.599724 3.136462
55.699722 3.136561
55.799721 3.136657
55.899719 3.136752
55.999718 3.136845
56.099716 3.136937
56.199715 3.137026
56.299713 3.137114
56.399712 3.137200
56.499710 3.137285
56.599709 3.137367
56.699707 3.137449
56.799706 3.137528
56.899704 3.137606
56.999702 3.137683
57.099701 3.137758
57.199699 3.137832
57.299698 3.137904
57.399696 3.137975
57.499695 3.138045
57.599693 3.138113
57.699692 3.138180
57.799690 3.138246
57.899689 3.138310
57.999687 3.138373
58.099686 3.138435
58.199684 3.138496
58.299683 3.138555
58.399681 3.138614
58.499680 3.138671
58.599678 3.138727
58.699677 3.138782
58.799675 3.138836
58.899673 3.138889
58.999672 3.138941
59.099670 3.138992
59.199669 3.139042
59.299667 3.139091
59.399666 3.139139
59.499664 3.139187
59.599663 3.139233
59.699661 3.139278
59.799660 3.139323
59.899658 3.139366
59.999657 3.139409
60.099655 3.139451
60.199654 3.139492
60.299652 3.139533
60.399651 3.139572
60.499649 3.139611
60.599648 3.139649
60.699646 3.139687
60.799644 3.139723
60.899643 3.139759
60.999641 3.139795
61.099640 3.139829
61.199638 3.139863
61.299637 3.139896
61.399635 3.139929
61.499634 3.139961
61.599632 3.139992
61.699631 3.140023
61.799629 3.140053
61.899628 3.140083
61.999626 3.140112
62.099625 3.140140
62.199623 3.140168
62.299622 3.140196
62.399620 3.140223
62.499619 3.140249
62.599617 3.140275
62.699615 3.140300
62.799614 3.140325
62.899612 3.140349
62.999611 3.140373
63.099609 3.140397
63.199608 3.140420
63.299606 3.140442
63.399605 3.140464
63.499603 3.140486
63.599602 3.140507
63.699600 3.140528
63.799599 3.140549
63.899597 3.140569
63.999596 3.140588
64.099594 3.140608
64.199593 3.140627
64.299591 3.140645
64.399590 3.140664
64.499588 3.140681
64.599586 3.140699
64.699585 3.140716
64.799583 3.140733
64.899582 3.140750
64.999580 3.140766
65.099579 3.140782
65.199577 3.140797
65.299576 3.140813
65.399574 3.140828
65.499573 3.140842
65.599571 3.140857
65.699570 3.140871
65.799568 3.140885
65.899567 3.140898
65.999565 3.140912
66.099564 3.140925
66.199562 3.140938
66.299561 3.140950
66.399559 3.140963
66.499557 3.140975
66.599556 3.140987
66.699554 3.140998
66.799553 3.141010
66.899551 3.141021
66.999550 3.141032
67.099548 3.141043
67.199547 3.141053
67.299545 3.141064
67.399544 3.141074
67.499542 3.141084
67.599541 3.141094
67.699539 3.141103
67.799538 3.141113
67.899536 3.141122
67.999535 3.141131
68.099533 3.141140
68.199532 3.141148
68.299530 3.141157
68.399529 3.141165
68.499527 3.141174
68.599525 3.141182
68.699524 3.141190
68.799522 3.141197
68.899521 3.141205
68.999519 3.141212
69.099518 3.141220
69.199516 3.141227
69.299515 3.141234
69.399513 3.141241
69.499512 3.141248
69.599510 3.141254
69.699509 3.141261
69.799507 3.141267
69.899506 3.141273
69.999504 3.141279
70.099503 3.141285
70.199501 3.141291
70.299500 3.141297
70.399498 3.141303
70.499496 3.141308
70.599495 3.141314
70.699493 3.141319
70.799492 3.141325
70.899490 3.141330
70.999489 3.141335
71.099487 3.141340
71.199486 3.141345
71.299484 3.141349
71.399483 3.141354
71.499481 3.141359
71.599480 3.141363
71.699478 3.141368
71.799477 3.141372
71.899475 3.141376
71.999474 3.141380
72.099472 3.141384
72.199471 3.141388
72.299469 3.141392
72.399467 3.141396
72.499466 3.141400
72.599464 3.141404
72.699463 3.141407
72.799461 3.141411
72.899460 3.141414
72.999458 3.141418
73.099457 3.141421
73.199455 3.141424
73.299454 3.141428
73.399452 3.141431
73.499451 3.141434
73.599449 3.141437
73.699448 3.141440
73.799446 3.141443
73.899445 3.141446
73.999443 3.141449
74.099442 3.141451
74.199440 3.141454
74.299438 3.141457
74.399437 3.141459
74.499435 3.141462
74.599434 3.141464
74.699432 3.141467
74.799431 3.141469
74.899429 3.141472
74.999428 3.141474
75.099426 3.141476
75.199425 3.141479
75.299423 3.141481
75.399422 3.141483
75.499420 3.141485
75.599419 3.141487
75.699417 3.141489
75.799416 3.141491
75.899414 3.141493
75.999413 3.141495
76.099411 3.141497
76.199409 3.141499
76.299408 3.141500
76.399406 3.141502
76.499405 3.141504
76.599403 3.141506
76.699402 3.141507
76.799400 3.141509
76.899399 3.141511
76.999397 3.141512
77.099396 3.141514
77.199394 3.141515
77.299393 3.141517
77.399391 3.141518
77.499390 3.141520
77.599388 3.141521
77.699387 3.141522
77.799385 3.141524
77.899384 3.141525
77.999382 3.141526
78.099380 3.141528
78.199379 3.141529
78.299377 3.141530
78.399376 3.141531
78.499374 3.141533
78.599373 3.141534
78.699371 3.141535
78.799370 3.141536
78.899368 3.141537
78.999367 3.141538
79.099365 3.141539
79.199364 3.141540
79.299362 3.141541
79.399361 3.141542
79.499359 3.141543
79.599358 3.141544
79.699356 3.141545
79.799355 3.141546
79.899353 3.141547
79.999352 3.141548
80.099350 3.141549
80.199348 3.141549
80.299347 3.141550
80.399345 3.141551
80.499344 3.141552
80.599342 3.141553
80.699341 3.141553
80.799339 3.141554
80.899338 3.141555
80.999336 3.141556
81.099335 3.141556
81.199333 3.141557
81.299332 3.141558
81.399330 3.141558
81.499329 3.141559
81.599327 3.141560
81.699326 3.141560
81.799324 3.141561
81.899323 3.141562
81.999321 3.141562
82.099319 3.141563
82.199318 3.141563
82.299316 3.141564
82.399315 3.141564
82.499313 3.141565
82.599312 3.141566
82.699310 3.141566
82.799309 3.141567
82.899307 3.141567
82.999306 3.141568
83.099304 3.141568
83.199303 3.141569
83.299301 3.141569
83.399300 3.141569
83.499298 3.141570
83.599297 3.141570
83.699295 3.141571
83.799294 3.141571
83.899292 3.141572
83.999290 3.141572
84.099289 3.141572
84.199287 3.141573
84.299286 3.141573
84.399284 3.141574
84.499283 3.141574
84.599281 3.141574
84.699280 3.141575
84.799278 3.141575
84.899277 3.141575
84.999275 3.141576
85.099274 3.141576
85.199272 3.141576
85.299271 3.141577
85.399269 3.141577
85.499268 3.141577
85.599266 3.141578
85.699265 3.141578
85.799263 3.141578
85.899261 3.141578
85.999260 3.141579
86.099258 3.141579
86.199257 3.141579
86.299255 3.141579
86.399254 3.141580
86.499252 3.141580
86.599251 3.141580
86.699249 3.141580
86.799248 3.141581
86.899246 3.141581
86.999245 3.141581
87.099243 3.141581
87.199242 3.141582
87.299240 3.141582
87.399239 3.141582
87.499237 3.141582
87.599236 3.141582
87.699234 3.141583
87.799232 3.141583
87.899231 3.141583
87.999229 3.141583
88.099228 3.141583
88.199226 3.141584
88.299225 3.141584
88.399223 3.141584
88.499222 3.141584
88.599220 3.141584
88.699219 3.141584
88.799217 3.141585
88.899216 3.141585
88.999214 3.141585
89.099213 3.141585
89.199211 3.141585
89.299210 3.141585
89.399208 3.141585
89.499207 3.141586
89.599205 3.141586
89.699203 3.141586
89.799202 3.141586
89.899200 3.141586
89.999199 3.141586
90.099197 3.141586
90.199196 3.141586
90.299194 3.141587
90.399193 3.141587
90.499191 3.141587
90.599190 3.141587
90.699188 3.141587
90.799187 3.141587
90.899185 3.141587
90.999184 3.141587
91.099182 3.141587
91.199181 3.141588
91.299179 3.141588
91.399178 3.141588
91.499176 3.141588
91.599174 3.141588
91.699173 3.141588
91.799171 3.141588
91.899170 3.141588
91.999168 3.141588
92.099167 3.141588
92.199165 3.141588
92.299164 3.141589
92.399162 3.141589
92.499161 3.141589
92.599159 3.141589
92.699158 3.141589
92.799156 3.141589
92.899155 3.141589
92.999153 3.141589
93.099152 3.141589
93.199150 3.141589
93.299149 3.141589
93.399147 3.141589
93.499146 3.141589
93.599144 3.141589
93.699142 3.141590
93.799141 3.141590
93.899139 3.141590
93.999138 3.141590
94.099136 3.141590
94.199135 3.141590
94.299133 3.141590
94.399132 3.141590
94.499130 3.141590
94.599129 3.141590
94.699127 3.141590
94.799126 3.141590
94.899124 3.141590
94.999123 3.141590
95.099121 3.141590
95.199120 3.141590
95.299118 3.141590
95.399117 3.141590
95.499115 3.141590
95.599113 3.141590
95.699112 3.141591
95.799110 3.141591
95.899109 3.141591
95.999107 3.141591
96.099106 3.141591
96.199104 3.141591
96.299103 3.141591
96.399101 3.141591
96.499100 3.141591
96.599098 3.141591
96.699097 3.141591
96.799095 3.141591
96.899094 3.141591
96.999092 3.141591
97.099091 3.141591
97.199089 3.141591
97.299088 3.141591
97.399086 3.141591
97.499084 3.141591
97.599083 3.141591
97.699081 3.141591
97.799080 3.141591
97.899078 3.141591
97.999077 3.141591
98.099075 3.141591
98.199074 3.141591
98.299072 3.141591
98.399071 3.141591
98.499069 3.141591
98.599068 3.141591
98.699066 3.141591
98.799065 3.141591
98.899063 3.141592
98.999062 3.141592
99.099060 3.141592
99.199059 3.141592
99.299057 3.141592
99.399055 3.141592
99.499054 3.141592
99.599052 3.141592
99.699051 3.141592
99.799049 3.141592
99.899048 3.141592
99.999046 3.141592
100.099045 3.141592
100.199043 3.141592
100.299042 3.141592
100.399040 3.141592
100.499039 3.141592
100.599037 3.141592
100.699036 3.141592
100.799034 3.141592
100.899033 3.141592
100.999031 3.141592
101.099030 3.141592
101.199028 3.141592
101.299026 3.141592
101.399025 3.141592
101.499023 3.141592
101.599022 3.141592
101.699020 3.141592
101.799019 3.141592
101.899017 3.141592
101.999016 3.141592
102.099014 3.141592
102.199013 3.141592
102.299011 3.141592
102.399010 3.141592
102.499008 3.141592
102.599007 3.141592
102.699005 3.141592
102.799004 3.141592
102.899002 3.141592
102.999001 3.141592
103.098999 3.141592
103.198997 3.141592
103.298996 3.141592
103.398994 3.141592
103.498993 3.141592
103.598991 3.141592
103.698990 3.141592
103.798988 3.141592
103.898987 3.141592
103.998985 3.141592
104.098984 3.141592
104.198982 3.141592
104.298981 3.141592
104.398979 3.141592
104.498978 3.141592
104.598976 3.141592
104.698975 3.141592
104.798973 3.141592
104.898972 3.141592
104.998970 3.141592
105.098969 3.141592
105.198967 3.141592
105.298965 3.141592
105.398964 3.141592
105.498962 3.141592
105.598961 3.141592
105.698959 3.141592
105.798958 3.141592
105.898956 3.141592
105.998955 3.141592
106.098953 3.141592
106.198952 3.141592
106.298950 3.141592
106.398949 3.141592
106.498947 3.141592
106.598946 3.141592
106.698944 3.141592
106.798943 3.141592
106.898941 3.141592
106.998940 3.141592
107.098938 3.141592
107.198936 3.141592
107.298935 3.141592
107.398933 3.141592
107.498932 3.141592
107.598930 3.141592
107.698929 3.141592
107.798927 3.141592
107.898926 3.141592
107.998924 3.141592
108.098923 3.141592
108.198921 3.141592
108.298920 3.141592
108.398918 3.141592
108.498917 3.141592
108.598915 3.141592
108.698914 3.141592
108.798912 3.141592
108.898911 3.141592
108.998909 3.141592
109.098907 3.141592
109.198906 3.141592
109.298904 3.141593
109.398903 3.141593
109.498901 3.141593
109.598900 3.141593
109.698898 3.141593
109.798897 3.141593
109.898895 3.141593
109.998894 3.141593
110.098892 3.141593
110.198891 3.141593
110.298889 3.141593
110.398888 3.141593
110.498886 3.141593
110.598885 3.141593
110.698883 3.141593
110.798882 3.141593
110.898880 3.141593
110.998878 3.141593
111.098877 3.141593
111.198875 3.141593
111.298874 3.141593
111.398872 3.141593
111.498871 3.141593
111.598869 3.141593
111.698868 3.141593
111.798866 3.141593
111.898865 3.141593
111.998863 3.141593
112.098862 3.141593
112.198860 3.141593
112.298859 3.141593
112.398857 3.141593
112.498856 3.141593
112.598854 3.141593
112.698853 3.141593
112.798851 3.141593
112.898849 3.141593
112.998848 3.141593
113.098846 3.141593
113.198845 3.141593
113.298843 3.141593
113.398842 3.141593
113.498840 3.141593
113.598839 3.141593
113.698837 3.141593
113.798836 3.141593
113.898834 3.141593
113.998833 3.141593
114.098831 3.141593
114.198830 3.141593
114.298828 3.141593
114.398827 3.141593
114.498825 3.141593
114.598824 3.141593
