0.000000 0.175000
0.500000 0.190170
1.000000 0.206639
1.500000 0.224516
2.000000 0.243914
2.500000 0.264955
3.000000 0.287771
3.500000 0.312500
4.000000 0.339287
4.500000 0.368284
5.000000 0.399652
5.500000 0.433554
6.000000 0.470156
6.500000 0.509628
7.000000 0.552134
7.500000 0.597833
8.000000 0.646874
8.500000 0.699386
9.000000 0.755475
9.500000 0.815213
10.000000 0.878632
10.500000 0.945709
11.000000 1.016363
11.500000 1.090440
12.000000 1.167708
12.500000 1.247854
13.000000 1.330478
13.500000 1.415103
14.000000 1.501178
14.500000 1.588096
15.000000 1.675211
15.500000 1.761866
16.000000 1.847409
16.500000 1.931225
17.000000 2.012756
17.500000 2.091513
18.000000 2.167094
18.500000 2.239186
19.000000 2.307566
19.500000 2.372097
20.000000 2.432719
20.500000 2.489438
21.000000 2.542317
21.500000 2.591461
22.000000 2.637012
22.500000 2.679133
23.000000 2.718006
23.500000 2.753819
24.000000 2.786765
24.500000 2.817036
25.000000 2.844820
25.500000 2.870300
26.000000 2.893648
26.500000 2.915031
27.000000 2.934602
27.500000 2.952508
