-0.174108 -0.000000 0.984727
-0.121703 -0.144635 0.981972
0.035071 -0.202152 0.978726
0.192345 -0.112113 0.974902
0.227390 0.081347 0.970400
0.091256 0.245451 0.965104
-0.139872 0.246956 0.958879
-0.302239 0.056303 0.951568
-0.257293 -0.211107 0.942992
-0.004463 -0.359988 0.932946
0.294593 -0.254189 0.921196
0.414774 0.066672 0.907479
0.232967 0.388534 0.891498
-0.158620 0.461346 0.872926
-0.489323 0.188862 0.851407
-0.493155 -0.271295 0.826557
-0.117712 -0.591088 0.797972
0.402133 -0.502693 0.765238
0.685424 -0.016999 0.727946
0.482298 0.545147 0.685713
-0.112750 0.761565 0.638205
-0.690250 0.425599 0.585168
-0.807370 -0.266444 0.526462
-0.329560 -0.823321 0.462095
0.433344 -0.811384 0.392261
0.927675 -0.196729 0.317358
0.765908 0.597273 0.238011
0.036734 0.987221 0.155065
-0.738894 0.670221 0.069562
-0.990809 -0.134159 -0.017299
-0.532436 -0.840029 -0.104226
0.296105 -0.936086 -0.189909
0.888595 -0.368533 -0.273098
0.830803 0.430564 -0.352676
0.198468 0.881858 -0.427711
-0.524921 0.690616 -0.497502
-0.826403 0.041015 -0.561583
-0.534447 -0.574726 -0.619723
0.090273 -0.735121 -0.671899
0.583007 -0.379740 -0.718262
0.623054 0.188621 -0.759096
0.239433 0.557673 -0.794778
-0.253306 0.503967 -0.825744
-0.508580 0.121102 -0.852456
-0.388480 -0.287747 -0.875377
-0.027638 -0.445293 -0.894958
0.297507 -0.283615 -0.911621
0.375852 0.041432 -0.925753
0.193215 0.288747 -0.937706
-0.088607 0.306331 -0.947792
-0.267265 0.118693 -0.956285
-0.240908 -0.117368 -0.963425
-0.059803 -0.238014 -0.969419
0.131452 -0.182149 -0.974444
0.204947 -0.015273 -0.978654
0.131370 0.134428 -0.982177
