0.000000 -3.141593
0.500000 -2.270306
1.000000 -1.399018
1.500000 -0.527731
2.000000 0.343556
2.500000 1.214843
3.000000 2.086130
3.500000 2.957417
4.000000 3.828704
4.500000 4.699992
5.000000 5.571279
5.500000 6.442566
6.000000 7.313853
6.500000 8.185140
7.000000 9.056427
7.500000 9.927714
8.000000 10.799001
8.500000 11.670289
9.000000 12.541576
9.500000 13.412863
10.000000 14.284150
10.500000 15.155437
11.000000 16.026724
11.500000 16.898011
12.000000 17.769298
12.500000 18.640586
13.000000 19.511873
13.500000 20.383160
14.000000 21.254447
14.500000 22.125734
15.000000 22.997021
15.500000 23.868308
16.000000 24.739595
16.500000 25.610883
17.000000 26.482170
17.500000 27.353457
18.000000 28.224744
18.500000 29.096031
19.000000 29.967318
19.500000 30.838605
20.000000 31.709892
20.500000 32.581180
21.000000 33.452467
21.500000 34.323754
22.000000 35.195041
22.500000 36.066328
23.000000 36.937615
23.500000 37.808902
24.000000 38.680190
24.500000 39.551477
25.000000 40.422764
25.500000 41.294051
26.000000 42.165338
26.500000 43.036625
27.000000 43.907912
27.500000 44.779199
