10.000000 0.000000
20.000000 12.566371
15.000000 9.424778
16.000000 10.471975
16.000000 10.053097
16.000000 10.210176
16.000000 10.149761
16.000000 10.172776
16.000000 10.163977
16.000000 10.167336
16.000000 10.166053
16.000000 10.166543
16.000000 10.166356
16.000000 10.166428
16.000000 10.166400
16.000000 10.166410
16.000000 10.166407
16.000000 10.166408
16.000000 10.166408
16.000000 10.166408
16.000000 10.166408
16.000000 10.166408
16.000000 10.166408
16.000000 10.166408
16.000000 10.166408
16.000000 10.166408
16.000000 10.166408
16.000000 10.166408
16.000000 10.166408
16.000000 10.166408
16.000000 10.166408
16.000000 10.166408
16.000000 10.166408
16.000000 10.166408
16.000000 10.166408
16.000000 10.166408
16.000000 10.166408
16.000000 10.166408
16.000000 10.166408
16.000000 10.166408
-9.000000 10.166408
0.000000 10.166408
-3.000000 10.166408
-2.000000 10.166408
1.000000 10.166408
0.000000 -4.529394
0.000000 -2.432863
0.000000 -9.943960
-1.000000 2.313095
-5.000000 23.350540
1.000000 7.973871
0.000000 -7.925852
0.000000 1.302217
0.000000 36.599491
0.000000 -5.219609
0.000000 -1.280296
-3.000000 -24.552195
1.000000 4.675247
0.000000 -10.835398
0.000000 2.639718
0.000000 -14.044179
0.000000 3.472169
0.000000 -10.911374
0.000000 2.665087
2.000000 -17.682558
0.000000 4.050566
1.000000 -5.344855
-1.000000 -1.103061
-1.000000 -29.506691
-1.000000 4.945237
-1.000000 14.266304
0.000000 -8.004081
0.000000 1.350899
-2.000000 -26.760981
0.000000 4.807962
-1.000000 -4.611397
0.000000 -2.277869
5.000000 -11.048112
-2.000000 2.709867
3.000000 20.851580
0.000000 8.176491
0.000000 -10.813420
0.000000 2.632313
0.000000 -9.127807
0.000000 1.958114
0.000000 26.444637
0.000000 7.776056
0.000000 -1.534695
2.000000 -19.440763
1.000000 4.252482
0.000000 -9.643398
0.000000 2.189357
1.000000 -22.824818
-1.000000 4.553558
1.000000 -2.952699
0.000000 -7.087094
1.000000 0.712719
3.000000 61.674438
1.000000 6.923295
1.000000 11.985444
0.000000 -4.857122
