1 0 0
2 1 1.000000
3 1 .500000
4 2 .666666
5 3 .600000
6 5 .625000
7 8 .615384
8 13 .619047
9 21 .617647
10 34 .618181
11 55 .617977
12 89 .618055
13 144 .618025
14 233 .618037
15 377 .618032
16 610 .618034
17 987 .618033
18 1597 .618034
19 2584 .618033
20 4181 .618033
21 6765 .618033
22 10946 .618033
23 17711 .618033
24 28657 .618033
25 46368 .618033
26 75025 .618033
27 121393 .618033
28 196418 .618033
29 317811 .618033
30 514229 .618033
31 832040 .618033
32 1346269 .618033
33 2178309 .618033
34 3524578 .618033
35 5702887 .618033
36 9227465 .618033
37 14930352 .618033
38 24157817 .618033
39 39088169 .618033
40 63245986 .618033
41 102334155 .618033
42 165580141 .618033
43 267914296 .618033
44 433494437 .618033
45 701408733 .618033
46 1134903170 .618033
47 1836311903 -1.387202
