0.000000 0.175000
0.500000 0.190820
1.000000 0.208051
1.500000 0.226813
2.000000 0.247235
2.500000 0.269456
3.000000 0.293621
3.500000 0.319886
4.000000 0.348412
4.500000 0.379369
5.000000 0.412933
5.500000 0.449282
6.000000 0.488594
6.500000 0.531047
7.000000 0.576808
7.500000 0.626031
8.000000 0.678851
8.500000 0.735372
9.000000 0.795661
9.500000 0.859735
10.000000 0.927553
10.500000 0.999005
11.000000 1.073902
11.500000 1.151971
12.000000 1.232852
12.500000 1.316099
13.000000 1.401192
13.500000 1.487543
14.000000 1.574520
14.500000 1.661469
15.000000 1.747735
15.500000 1.832689
16.000000 1.915749
16.500000 1.996401
17.000000 2.074206
17.500000 2.148813
18.000000 2.219955
18.500000 2.287451
19.000000 2.351197
19.500000 2.411158
20.000000 2.467355
20.500000 2.519859
21.000000 2.568778
21.500000 2.614247
22.000000 2.656423
22.500000 2.695474
23.000000 2.731576
23.500000 2.764910
24.000000 2.795653
24.500000 2.823980
25.000000 2.850059
25.500000 2.874053
26.000000 2.896116
26.500000 2.916392
27.000000 2.935020
27.500000 2.952128
