-0.174108 -0.000000 0.984727
-0.122114 -0.145123 0.981849
0.035307 -0.203513 0.978435
0.194280 -0.113240 0.974388
0.230423 0.082432 0.969593
0.092769 0.249520 0.963916
-0.142634 0.251833 0.957202
-0.309140 0.057589 0.949271
-0.263934 -0.216556 0.939916
-0.004591 -0.370306 0.928898
0.303829 -0.262159 0.915948
0.428814 0.068929 0.900759
0.241380 0.402565 0.882994
-0.164662 0.478920 0.862277
-0.508770 0.196368 0.838208
-0.513377 -0.282420 0.810360
-0.122635 -0.615807 0.778295
0.419071 -0.523867 0.741581
0.714106 -0.017710 0.699813
0.502043 0.567465 0.652638
-0.117186 0.791527 0.599794
-0.715803 0.441355 0.541139
-0.834784 -0.275491 0.476698
-0.339496 -0.848144 0.406688
0.444455 -0.832187 0.331549
0.946687 -0.200760 0.251952
0.777255 0.606122 0.168793
0.037055 0.995847 0.083157
-0.740683 0.671844 -0.003724
-0.986886 -0.133628 -0.090549
-0.526993 -0.831442 -0.176017
0.291310 -0.920926 -0.258909
0.869294 -0.360528 -0.338153
0.808646 0.419081 -0.412872
0.192326 0.854568 -0.482415
-0.506819 0.666799 -0.546364
-0.795614 0.039487 -0.604516
-0.513463 -0.552162 -0.656866
0.086615 -0.705333 -0.703564
0.559060 -0.364142 -0.744884
0.597521 0.180892 -0.781183
0.229785 0.535202 -0.812870
-0.243405 0.484270 -0.840379
-0.489554 0.116572 -0.864146
-0.374753 -0.277579 -0.884596
-0.026728 -0.430639 -0.902128
0.288526 -0.275053 -0.917114
0.365623 0.040304 -0.929890
0.188572 0.281809 -0.940757
-0.086776 0.300002 -0.949984
-0.262682 0.116658 -0.957804
-0.237656 -0.115783 -0.964424
-0.059220 -0.235693 -0.970021
0.130676 -0.181073 -0.974749
0.204539 -0.015243 -0.978740
0.131631 0.134695 -0.982105
