0.000000 -3.141593
0.100000 -3.045439
0.200000 -2.949285
0.300000 -2.853131
0.400000 -2.756977
0.500000 -2.660823
0.600000 -2.564670
0.700000 -2.468516
0.800000 -2.372362
0.900000 -2.276208
1.000000 -2.180054
1.100000 -2.083900
1.200000 -1.987746
1.300000 -1.891593
1.400000 -1.795439
1.500000 -1.699285
1.600000 -1.603131
1.700000 -1.506977
1.800000 -1.410823
1.900000 -1.314670
2.000000 -1.218516
2.100000 -1.122362
2.200000 -1.026208
2.300000 -0.930054
2.400000 -0.833900
2.500000 -0.737746
2.600000 -0.641593
2.700000 -0.545439
2.799999 -0.449285
2.899999 -0.353131
2.999999 -0.256977
3.099999 -0.160823
3.199999 -0.064670
3.299999 0.031484
3.399999 0.127638
3.499999 0.223792
3.599999 0.319946
3.699999 0.416100
3.799999 0.512254
3.899998 0.608407
3.999998 0.704561
4.099998 0.800715
4.199998 0.896869
4.299998 0.993023
4.399998 1.089177
4.499998 1.185330
4.599998 1.281484
4.699998 1.377638
4.799998 1.473792
4.899998 1.569946
4.999998 1.666100
5.099998 1.762254
5.199997 1.858407
5.299997 1.954561
5.399997 2.050715
5.499997 2.146869
5.599997 2.243023
5.699997 2.339177
5.799997 2.435330
5.899997 2.531484
5.999997 2.627638
6.099997 2.723792
6.199996 2.819946
6.299996 2.916100
6.399996 3.012254
6.499996 3.108407
6.599996 3.204561
6.699996 -3.141593
6.799996 -3.045439
6.899996 -2.949285
6.999996 -2.853131
7.099996 -2.756977
7.199996 -2.660823
7.299995 -2.564670
7.399995 -2.468516
7.499995 -2.372362
7.599995 -2.276208
7.699995 -2.180054
7.799995 -2.083900
7.899995 -1.987746
7.999995 -1.891593
8.099995 -1.795439
8.199995 -1.699285
8.299995 -1.603131
8.399996 -1.506977
8.499996 -1.410823
8.599997 -1.314670
8.699997 -1.218516
8.799997 -1.122362
8.899998 -1.026208
8.999998 -0.930054
9.099998 -0.833900
9.199999 -0.737746
9.299999 -0.641593
9.400000 -0.545439
9.500000 -0.449285
9.600000 -0.353131
9.700001 -0.256977
9.800001 -0.160823
9.900002 -0.064670
10.000002 0.031484
10.100002 0.127638
10.200003 0.223792
10.300003 0.319946
10.400003 0.416100
10.500004 0.512254
10.600004 0.608407
10.700005 0.704561
10.800005 0.800715
10.900005 0.896869
11.000006 0.993023
11.100006 1.089177
11.200006 1.185330
11.300007 1.281484
11.400007 1.377638
11.500008 1.473792
11.600008 1.569946
11.700008 1.666100
11.800009 1.762254
11.900009 1.858407
12.000010 1.954561
12.100010 2.050715
12.200010 2.146869
12.300011 2.243023
12.400011 2.339177
12.500011 2.435330
12.600012 2.531484
12.700012 2.627638
12.800013 2.723792
12.900013 2.819946
13.000013 2.916100
13.100014 3.012254
13.200014 3.108407
13.300014 3.204561
13.400015 -3.141593
13.500015 -3.045439
13.600016 -2.949285
13.700016 -2.853131
13.800016 -2.756977
13.900017 -2.660823
14.000017 -2.564670
14.100018 -2.468516
14.200018 -2.372362
14.300018 -2.276208
14.400019 -2.180054
14.500019 -2.083900
14.600019 -1.987746
14.700020 -1.891593
14.800020 -1.795439
14.900021 -1.699285
15.000021 -1.603131
15.100021 -1.506977
15.200022 -1.410823
15.300022 -1.314670
15.400023 -1.218516
15.500023 -1.122362
15.600023 -1.026208
15.700024 -0.930054
15.800024 -0.833900
15.900024 -0.737746
16.000025 -0.641593
16.100025 -0.545439
16.200026 -0.449285
16.300026 -0.353131
16.400026 -0.256977
16.500027 -0.160823
16.600027 -0.064670
16.700027 0.031484
16.800028 0.127638
16.900028 0.223792
17.000029 0.319946
17.100029 0.416100
17.200029 0.512254
17.300030 0.608407
17.400030 0.704561
17.500031 0.800715
17.600031 0.896869
17.700031 0.993023
17.800032 1.089177
17.900032 1.185330
18.000032 1.281484
18.100033 1.377638
18.200033 1.473792
18.300034 1.569946
18.400034 1.666100
18.500034 1.762254
18.600035 1.858407
18.700035 1.954561
18.800035 2.050715
18.900036 2.146869
19.000036 2.243023
19.100037 2.339177
19.200037 2.435330
19.300037 2.531484
19.400038 2.627638
19.500038 2.723792
19.600039 2.819946
19.700039 2.916100
19.800039 3.012254
19.900040 3.108407
20.000040 3.204561
20.100040 -3.141593
20.200041 -3.045439
20.300041 -2.949285
20.400042 -2.853131
20.500042 -2.756977
20.600042 -2.660823
20.700043 -2.564670
20.800043 -2.468516
20.900043 -2.372362
21.000044 -2.276208
21.100044 -2.180054
21.200045 -2.083900
21.300045 -1.987746
21.400045 -1.891593
21.500046 -1.795439
21.600046 -1.699285
21.700047 -1.603131
21.800047 -1.506977
21.900047 -1.410823
22.000048 -1.314670
22.100048 -1.218516
22.200048 -1.122362
22.300049 -1.026208
22.400049 -0.930054
22.500050 -0.833900
22.600050 -0.737746
22.700050 -0.641593
22.800051 -0.545439
22.900051 -0.449285
23.000051 -0.353131
23.100052 -0.256977
23.200052 -0.160823
23.300053 -0.064670
23.400053 0.031484
23.500053 0.127638
23.600054 0.223792
23.700054 0.319946
23.800055 0.416100
23.900055 0.512254
24.000055 0.608407
24.100056 0.704561
24.200056 0.800715
24.300056 0.896869
24.400057 0.993023
24.500057 1.089177
24.600058 1.185330
24.700058 1.281484
24.800058 1.377638
24.900059 1.473792
25.000059 1.569946
25.100060 1.666100
25.200060 1.762254
25.300060 1.858407
25.400061 1.954561
25.500061 2.050715
25.600061 2.146869
25.700062 2.243023
25.800062 2.339177
25.900063 2.435330
26.000063 2.531484
26.100063 2.627638
26.200064 2.723792
26.300064 2.819946
26.400064 2.916100
26.500065 3.012254
26.600065 3.108407
26.700066 3.204561
26.800066 -3.141593
26.900066 -3.045439
27.000067 -2.949285
27.100067 -2.853131
27.200068 -2.756977
27.300068 -2.660823
27.400068 -2.564670
27.500069 -2.468516
27.600069 -2.372362
27.700069 -2.276208
27.800070 -2.180054
27.900070 -2.083900
28.000071 -1.987746
28.100071 -1.891593
28.200071 -1.795439
28.300072 -1.699285
28.400072 -1.603131
28.500072 -1.506977
28.600073 -1.410823
28.700073 -1.314670
28.800074 -1.218516
28.900074 -1.122362
29.000074 -1.026208
29.100075 -0.930054
29.200075 -0.833900
29.300076 -0.737746
29.400076 -0.641593
29.500076 -0.545439
29.600077 -0.449285
29.700077 -0.353131
29.800077 -0.256977
29.900078 -0.160823
30.000078 -0.064670
30.100079 0.031484
30.200079 0.127638
30.300079 0.223792
30.400080 0.319946
30.500080 0.416100
30.600080 0.512254
30.700081 0.608407
30.800081 0.704561
30.900082 0.800715
31.000082 0.896869
31.100082 0.993023
31.200083 1.089177
31.300083 1.185330
31.400084 1.281484
31.500084 1.377638
31.600084 1.473792
31.700085 1.569946
31.800085 1.666100
31.900085 1.762254
32.000084 1.858407
32.100082 1.954561
32.200081 2.050715
32.300079 2.146869
32.400078 2.243023
32.500076 2.339177
32.600075 2.435330
32.700073 2.531484
32.800072 2.627638
32.900070 2.723792
33.000069 2.819946
33.100067 2.916100
33.200066 3.012254
33.300064 3.108407
33.400063 3.204561
33.500061 -3.141593
33.600060 -3.045439
33.700058 -2.949285
33.800056 -2.853131
33.900055 -2.756977
34.000053 -2.660823
34.100052 -2.564670
34.200050 -2.468516
34.300049 -2.372362
34.400047 -2.276208
34.500046 -2.180054
34.600044 -2.083900
34.700043 -1.987746
34.800041 -1.891593
34.900040 -1.795439
35.000038 -1.699285
35.100037 -1.603131
35.200035 -1.506977
35.300034 -1.410823
35.400032 -1.314670
35.500031 -1.218516
35.600029 -1.122362
35.700027 -1.026208
35.800026 -0.930054
35.900024 -0.833900
36.000023 -0.737746
36.100021 -0.641593
36.200020 -0.545439
36.300018 -0.449285
36.400017 -0.353131
36.500015 -0.256977
36.600014 -0.160823
36.700012 -0.064670
36.800011 0.031484
36.900009 0.127638
37.000008 0.223792
37.100006 0.319946
37.200005 0.416100
37.300003 0.512254
37.400002 0.608407
37.500000 0.704561
37.599998 0.800715
37.699997 0.896869
37.799995 0.993023
37.899994 1.089177
37.999992 1.185330
38.099991 1.281484
38.199989 1.377638
38.299988 1.473792
38.399986 1.569946
38.499985 1.666100
38.599983 1.762254
38.699982 1.858407
38.799980 1.954561
38.899979 2.050715
38.999977 2.146869
39.099976 2.243023
39.199974 2.339177
39.299973 2.435330
39.399971 2.531484
39.499969 2.627638
39.599968 2.723792
39.699966 2.819946
39.799965 2.916100
39.899963 3.012254
39.999962 3.108407
40.099960 3.204561
40.199959 -3.141593
40.299957 -3.045439
40.399956 -2.949285
40.499954 -2.853131
40.599953 -2.756977
40.699951 -2.660823
40.799950 -2.564670
40.899948 -2.468516
40.999947 -2.372362
41.099945 -2.276208
41.199944 -2.180054
41.299942 -2.083900
41.399940 -1.987746
41.499939 -1.891593
41.599937 -1.795439
41.699936 -1.699285
41.799934 -1.603131
41.899933 -1.506977
41.999931 -1.410823
42.099930 -1.314670
42.199928 -1.218516
42.299927 -1.122362
42.399925 -1.026208
42.499924 -0.930054
42.599922 -0.833900
42.699921 -0.737746
42.799919 -0.641593
42.899918 -0.545439
42.999916 -0.449285
43.099915 -0.353131
43.199913 -0.256977
43.299911 -0.160823
43.399910 -0.064670
43.499908 0.031484
43.599907 0.127638
43.699905 0.223792
43.799904 0.319946
43.899902 0.416100
43.999901 0.512254
44.099899 0.608407
44.199898 0.704561
44.299896 0.800715
44.399895 0.896869
44.499893 0.993023
44.599892 1.089177
44.699890 1.185330
44.799889 1.281484
44.899887 1.377638
44.999886 1.473792
45.099884 1.569946
45.199883 1.666100
45.299881 1.762254
45.399879 1.858407
45.499878 1.954561
45.599876 2.050715
45.699875 2.146869
45.799873 2.243023
45.899872 2.339177
45.999870 2.435330
46.099869 2.531484
46.199867 2.627638
46.299866 2.723792
46.399864 2.819946
46.499863 2.916100
46.599861 3.012254
46.699860 3.108407
46.799858 3.204561
46.899857 -3.141593
46.999855 -3.045439
47.099854 -2.949285
47.199852 -2.853131
47.299850 -2.756977
47.399849 -2.660823
47.499847 -2.564670
47.599846 -2.468516
47.699844 -2.372362
47.799843 -2.276208
47.899841 -2.180054
47.999840 -2.083900
48.099838 -1.987746
48.199837 -1.891593
48.299835 -1.795439
48.399834 -1.699285
48.499832 -1.603131
48.599831 -1.506977
48.699829 -1.410823
48.799828 -1.314670
48.899826 -1.218516
48.999825 -1.122362
49.099823 -1.026208
49.199821 -0.930054
49.299820 -0.833900
49.399818 -0.737746
49.499817 -0.641593
49.599815 -0.545439
49.699814 -0.449285
49.799812 -0.353131
49.899811 -0.256977
49.999809 -0.160823
50.099808 -0.064670
50.199806 0.031484
50.299805 0.127638
50.399803 0.223792
50.499802 0.319946
50.599800 0.416100
50.699799 0.512254
50.799797 0.608407
50.899796 0.704561
50.999794 0.800715
51.099792 0.896869
51.199791 0.993023
51.299789 1.089177
51.399788 1.185330
51.499786 1.281484
51.599785 1.377638
51.699783 1.473792
51.799782 1.569946
51.899780 1.666100
51.999779 1.762254
52.099777 1.858407
52.199776 1.954561
52.299774 2.050715
52.399773 2.146869
52.499771 2.243023
52.599770 2.339177
52.699768 2.435330
52.799767 2.531484
52.899765 2.627638
52.999763 2.723792
53.099762 2.819946
53.199760 2.916100
53.299759 3.012254
53.399757 3.108407
53.499756 3.204561
53.599754 -3.141593
53.699753 -3.045439
53.799751 -2.949285
53.899750 -2.853131
53.999748 -2.756977
54.099747 -2.660823
54.199745 -2.564670
54.299744 -2.468516
54.399742 -2.372362
54.499741 -2.276208
54.599739 -2.180054
54.699738 -2.083900
54.799736 -1.987746
54.899734 -1.891593
54.999733 -1.795439
55.099731 -1.699285
55.199730 -1.603131
55.299728 -1.506977
55.399727 -1.410823
55.499725 -1.314670
55.599724 -1.218516
55.699722 -1.122362
55.799721 -1.026208
55.899719 -0.930054
55.999718 -0.833900
56.099716 -0.737746
56.199715 -0.641593
56.299713 -0.545439
56.399712 -0.449285
56.499710 -0.353131
56.599709 -0.256977
56.699707 -0.160823
56.799706 -0.064670
56.899704 0.031484
56.999702 0.127638
57.099701 0.223792
57.199699 0.319946
57.299698 0.416100
57.399696 0.512254
57.499695 0.608407
57.599693 0.704561
57.699692 0.800715
57.799690 0.896869
57.899689 0.993023
57.999687 1.089177
58.099686 1.185330
58.199684 1.281484
58.299683 1.377638
58.399681 1.473792
58.499680 1.569946
58.599678 1.666100
58.699677 1.762254
58.799675 1.858407
58.899673 1.954561
58.999672 2.050715
59.099670 2.146869
59.199669 2.243023
59.299667 2.339177
59.399666 2.435330
59.499664 2.531484
59.599663 2.627638
59.699661 2.723792
59.799660 2.819946
59.899658 2.916100
59.999657 3.012254
60.099655 3.108407
60.199654 3.204561
60.299652 -3.141593
60.399651 -3.045439
60.499649 -2.949285
60.599648 -2.853131
60.699646 -2.756977
60.799644 -2.660823
60.899643 -2.564670
60.999641 -2.468516
61.099640 -2.372362
61.199638 -2.276208
61.299637 -2.180054
61.399635 -2.083900
61.499634 -1.987746
61.599632 -1.891593
61.699631 -1.795439
61.799629 -1.699285
61.899628 -1.603131
61.999626 -1.506977
62.099625 -1.410823
62.199623 -1.314670
62.299622 -1.218516
62.399620 -1.122362
62.499619 -1.026208
62.599617 -0.930054
62.699615 -0.833900
62.799614 -0.737746
62.899612 -0.641593
62.999611 -0.545439
63.099609 -0.449285
63.199608 -0.353131
63.299606 -0.256977
63.399605 -0.160823
63.499603 -0.064670
63.599602 0.031484
63.699600 0.127638
63.799599 0.223792
63.899597 0.319946
63.999596 0.416100
64.099594 0.512254
64.199593 0.608407
64.299591 0.704561
64.399590 0.800715
64.499588 0.896869
64.599586 0.993023
64.699585 1.089177
64.799583 1.185330
64.899582 1.281484
64.999580 1.377638
65.099579 1.473792
65.199577 1.569946
65.299576 1.666100
65.399574 1.762254
65.499573 1.858407
65.599571 1.954561
65.699570 2.050715
65.799568 2.146869
65.899567 2.243023
65.999565 2.339177
66.099564 2.435330
66.199562 2.531484
66.299561 2.627638
66.399559 2.723792
66.499557 2.819946
66.599556 2.916100
66.699554 3.012254
66.799553 3.108407
66.899551 3.204561
66.999550 -3.141593
67.099548 -3.045439
67.199547 -2.949285
67.299545 -2.853131
67.399544 -2.756977
67.499542 -2.660823
67.599541 -2.564670
67.699539 -2.468516
67.799538 -2.372362
67.899536 -2.276208
67.999535 -2.180054
68.099533 -2.083900
68.199532 -1.987746
68.299530 -1.891593
68.399529 -1.795439
68.499527 -1.699285
68.599525 -1.603131
68.699524 -1.506977
68.799522 -1.410823
68.899521 -1.314670
68.999519 -1.218516
69.099518 -1.122362
69.199516 -1.026208
69.299515 -0.930054
69.399513 -0.833900
69.499512 -0.737746
69.599510 -0.641593
69.699509 -0.545439
69.799507 -0.449285
69.899506 -0.353131
69.999504 -0.256977
70.099503 -0.160823
70.199501 -0.064670
70.299500 0.031484
70.399498 0.127638
70.499496 0.223792
70.599495 0.319946
70.699493 0.416100
70.799492 0.512254
70.899490 0.608407
70.999489 0.704561
71.099487 0.800715
71.199486 0.896869
71.299484 0.993023
71.399483 1.089177
71.499481 1.185330
71.599480 1.281484
71.699478 1.377638
71.799477 1.473792
71.899475 1.569946
71.999474 1.666100
72.099472 1.762254
72.199471 1.858407
72.299469 1.954561
72.399467 2.050715
72.499466 2.146869
72.599464 2.243023
72.699463 2.339177
72.799461 2.435330
72.899460 2.531484
72.999458 2.627638
73.099457 2.723792
73.199455 2.819946
73.299454 2.916100
73.399452 3.012254
73.499451 3.108407
73.599449 3.204561
73.699448 -3.141593
73.799446 -3.045439
73.899445 -2.949285
73.999443 -2.853131
74.099442 -2.756977
74.199440 -2.660823
74.299438 -2.564670
74.399437 -2.468516
74.499435 -2.372362
74.599434 -2.276208
74.699432 -2.180054
74.799431 -2.083900
74.899429 -1.987746
74.999428 -1.891593
75.099426 -1.795439
75.199425 -1.699285
75.299423 -1.603131
75.399422 -1.506977
75.499420 -1.410823
75.599419 -1.314670
75.699417 -1.218516
75.799416 -1.122362
75.899414 -1.026208
75.999413 -0.930054
76.099411 -0.833900
76.199409 -0.737746
76.299408 -0.641593
76.399406 -0.545439
76.499405 -0.449285
76.599403 -0.353131
76.699402 -0.256977
76.799400 -0.160823
76.899399 -0.064670
76.999397 0.031484
77.099396 0.127638
77.199394 0.223792
77.299393 0.319946
77.399391 0.416100
77.499390 0.512254
77.599388 0.608407
77.699387 0.704561
77.799385 0.800715
77.899384 0.896869
77.999382 0.993023
78.099380 1.089177
78.199379 1.185330
78.299377 1.281484
78.399376 1.377638
78.499374 1.473792
78.599373 1.569946
78.699371 1.666100
78.799370 1.762254
78.899368 1.858407
78.999367 1.954561
79.099365 2.050715
79.199364 2.146869
79.299362 2.243023
79.399361 2.339177
79.499359 2.435330
79.599358 2.531484
79.699356 2.627638
79.799355 2.723792
79.899353 2.819946
79.999352 2.916100
80.099350 3.012254
80.199348 3.108407
80.299347 3.204561
80.399345 -3.141593
80.499344 -3.045439
80.599342 -2.949285
80.699341 -2.853131
80.799339 -2.756977
80.899338 -2.660823
80.999336 -2.564670
81.099335 -2.468516
81.199333 -2.372362
81.299332 -2.276208
81.399330 -2.180054
81.499329 -2.083900
81.599327 -1.987746
81.699326 -1.891593
81.799324 -1.795439
81.899323 -1.699285
81.999321 -1.603131
82.099319 -1.506977
82.199318 -1.410823
82.299316 -1.314670
82.399315 -1.218516
82.499313 -1.122362
82.599312 -1.026208
82.699310 -0.930054
82.799309 -0.833900
82.899307 -0.737746
82.999306 -0.641593
83.099304 -0.545439
83.199303 -0.449285
83.299301 -0.353131
83.399300 -0.256977
83.499298 -0.160823
83.599297 -0.064670
83.699295 0.031484
83.799294 0.127638
83.899292 0.223792
83.999290 0.319946
84.099289 0.416100
84.199287 0.512254
84.299286 0.608407
84.399284 0.704561
84.499283 0.800715
84.599281 0.896869
84.699280 0.993023
84.799278 1.089177
84.899277 1.185330
84.999275 1.281484
85.099274 1.377638
85.199272 1.473792
85.299271 1.569946
85.399269 1.666100
85.499268 1.762254
85.599266 1.858407
85.699265 1.954561
85.799263 2.050715
85.899261 2.146869
85.999260 2.243023
86.099258 2.339177
86.199257 2.435330
86.299255 2.531484
86.399254 2.627638
86.499252 2.723792
86.599251 2.819946
86.699249 2.916100
86.799248 3.012254
86.899246 3.108407
86.999245 3.204561
87.099243 -3.141593
87.199242 -3.045439
87.299240 -2.949285
87.399239 -2.853131
87.499237 -2.756977
87.599236 -2.660823
87.699234 -2.564670
87.799232 -2.468516
87.899231 -2.372362
87.999229 -2.276208
88.099228 -2.180054
88.199226 -2.083900
88.299225 -1.987746
88.399223 -1.891593
88.499222 -1.795439
88.599220 -1.699285
88.699219 -1.603131
88.799217 -1.506977
88.899216 -1.410823
88.999214 -1.314670
89.099213 -1.218516
89.199211 -1.122362
89.299210 -1.026208
89.399208 -0.930054
89.499207 -0.833900
89.599205 -0.737746
89.699203 -0.641593
89.799202 -0.545439
89.899200 -0.449285
89.999199 -0.353131
90.099197 -0.256977
90.199196 -0.160823
90.299194 -0.064670
90.399193 0.031484
90.499191 0.127638
90.599190 0.223792
90.699188 0.319946
90.799187 0.416100
90.899185 0.512254
90.999184 0.608407
91.099182 0.704561
91.199181 0.800715
91.299179 0.896869
91.399178 0.993023
91.499176 1.089177
91.599174 1.185330
91.699173 1.281484
91.799171 1.377638
91.899170 1.473792
91.999168 1.569946
92.099167 1.666100
92.199165 1.762254
92.299164 1.858407
92.399162 1.954561
92.499161 2.050715
92.599159 2.146869
92.699158 2.243023
92.799156 2.339177
92.899155 2.435330
92.999153 2.531484
93.099152 2.627638
93.199150 2.723792
93.299149 2.819946
93.399147 2.916100
93.499146 3.012254
93.599144 3.108407
93.699142 3.204561
93.799141 -3.141593
93.899139 -3.045439
93.999138 -2.949285
94.099136 -2.853131
94.199135 -2.756977
94.299133 -2.660823
94.399132 -2.564670
94.499130 -2.468516
94.599129 -2.372362
94.699127 -2.276208
94.799126 -2.180054
94.899124 -2.083900
94.999123 -1.987746
95.099121 -1.891593
95.199120 -1.795439
95.299118 -1.699285
95.399117 -1.603131
95.499115 -1.506977
95.599113 -1.410823
95.699112 -1.314670
95.799110 -1.218516
95.899109 -1.122362
95.999107 -1.026208
96.099106 -0.930054
96.199104 -0.833900
96.299103 -0.737746
96.399101 -0.641593
96.499100 -0.545439
96.599098 -0.449285
96.699097 -0.353131
96.799095 -0.256977
96.899094 -0.160823
96.999092 -0.064670
97.099091 0.031484
97.199089 0.127638
97.299088 0.223792
97.399086 0.319946
97.499084 0.416100
97.599083 0.512254
97.699081 0.608407
97.799080 0.704561
97.899078 0.800715
97.999077 0.896869
98.099075 0.993023
98.199074 1.089177
98.299072 1.185330
98.399071 1.281484
98.499069 1.377638
98.599068 1.473792
98.699066 1.569946
98.799065 1.666100
98.899063 1.762254
98.999062 1.858407
99.099060 1.954561
99.199059 2.050715
99.299057 2.146869
99.399055 2.243023
99.499054 2.339177
99.599052 2.435330
99.699051 2.531484
99.799049 2.627638
99.899048 2.723792
99.999046 2.819946
100.099045 2.916100
100.199043 3.012254
100.299042 3.108407
100.399040 3.204561
100.499039 -3.141593
100.599037 -3.045439
100.699036 -2.949285
100.799034 -2.853131
100.899033 -2.756977
100.999031 -2.660823
101.099030 -2.564670
101.199028 -2.468516
101.299026 -2.372362
101.399025 -2.276208
101.499023 -2.180054
101.599022 -2.083900
101.699020 -1.987746
101.799019 -1.891593
101.899017 -1.795439
101.999016 -1.699285
102.099014 -1.603131
102.199013 -1.506977
102.299011 -1.410823
102.399010 -1.314670
102.499008 -1.218516
102.599007 -1.122362
102.699005 -1.026208
102.799004 -0.930054
102.899002 -0.833900
102.999001 -0.737746
103.098999 -0.641593
103.198997 -0.545439
103.298996 -0.449285
103.398994 -0.353131
103.498993 -0.256977
103.598991 -0.160823
103.698990 -0.064670
103.798988 0.031484
103.898987 0.127638
103.998985 0.223792
104.098984 0.319946
104.198982 0.416100
104.298981 0.512254
104.398979 0.608407
104.498978 0.704561
104.598976 0.800715
104.698975 0.896869
104.798973 0.993023
104.898972 1.089177
104.998970 1.185330
105.098969 1.281484
105.198967 1.377638
105.298965 1.473792
105.398964 1.569946
105.498962 1.666100
105.598961 1.762254
105.698959 1.858407
105.798958 1.954561
105.898956 2.050715
105.998955 2.146869
106.098953 2.243023
106.198952 2.339177
106.298950 2.435330
106.398949 2.531484
106.498947 2.627638
106.598946 2.723792
106.698944 2.819946
106.798943 2.916100
106.898941 3.012254
106.998940 3.108407
107.098938 3.204561
107.198936 -3.141593
107.298935 -3.045439
107.398933 -2.949285
107.498932 -2.853131
107.598930 -2.756977
107.698929 -2.660823
107.798927 -2.564670
107.898926 -2.468516
107.998924 -2.372362
108.098923 -2.276208
108.198921 -2.180054
108.298920 -2.083900
108.398918 -1.987746
108.498917 -1.891593
108.598915 -1.795439
108.698914 -1.699285
108.798912 -1.603131
108.898911 -1.506977
108.998909 -1.410823
109.098907 -1.314670
109.198906 -1.218516
109.298904 -1.122362
109.398903 -1.026208
109.498901 -0.930054
109.598900 -0.833900
109.698898 -0.737746
109.798897 -0.641593
109.898895 -0.545439
109.998894 -0.449285
110.098892 -0.353131
110.198891 -0.256977
110.298889 -0.160823
110.398888 -0.064670
110.498886 0.031484
110.598885 0.127638
110.698883 0.223792
110.798882 0.319946
110.898880 0.416100
110.998878 0.512254
111.098877 0.608407
111.198875 0.704561
111.298874 0.800715
111.398872 0.896869
111.498871 0.993023
111.598869 1.089177
111.698868 1.185330
111.798866 1.281484
111.898865 1.377638
111.998863 1.473792
112.098862 1.569946
112.198860 1.666100
112.298859 1.762254
112.398857 1.858407
112.498856 1.954561
112.598854 2.050715
112.698853 2.146869
112.798851 2.243023
112.898849 2.339177
112.998848 2.435330
113.098846 2.531484
113.198845 2.627638
113.298843 2.723792
113.398842 2.819946
113.498840 2.916100
113.598839 3.012254
113.698837 3.108407
113.798836 3.204561
113.898834 -3.141593
113.998833 -3.045439
114.098831 -2.949285
114.198830 -2.853131
114.298828 -2.756977
114.398827 -2.660823
114.498825 -2.564670
114.598824 -2.468516
