0.000000 0.175000
0.010000 0.175304
0.020000 0.175608
0.030000 0.175913
0.040000 0.176218
0.050000 0.176524
0.060000 0.176830
0.070000 0.177137
0.080000 0.177444
0.090000 0.177752
0.100000 0.178060
0.110000 0.178369
0.120000 0.178678
0.130000 0.178988
0.140000 0.179299
0.150000 0.179610
0.160000 0.179922
0.170000 0.180234
0.180000 0.180546
0.190000 0.180859
0.200000 0.181173
0.210000 0.181487
0.220000 0.181802
0.230000 0.182118
0.240000 0.182433
0.250000 0.182750
0.260000 0.183067
0.270000 0.183384
0.280000 0.183702
0.290000 0.184021
0.300000 0.184340
0.310000 0.184660
0.320000 0.184980
0.330000 0.185301
0.340000 0.185622
0.350000 0.185944
0.360000 0.186266
0.370000 0.186589
0.380000 0.186913
0.390000 0.187237
0.400000 0.187562
0.410000 0.187887
0.420000 0.188213
0.430000 0.188539
0.440000 0.188866
0.450000 0.189193
0.460000 0.189521
0.470000 0.189850
0.480000 0.190179
0.490000 0.190509
0.500000 0.190839
0.510000 0.191170
0.520000 0.191501
0.530000 0.191833
0.540000 0.192166
0.550000 0.192499
0.560000 0.192832
0.570000 0.193167
0.580000 0.193501
0.590000 0.193837
0.600000 0.194173
0.610000 0.194509
0.620000 0.194846
0.630000 0.195184
0.640000 0.195522
0.650000 0.195861
0.660000 0.196201
0.670000 0.196541
0.680000 0.196881
0.690000 0.197222
0.700000 0.197564
0.710000 0.197906
0.720000 0.198249
0.730000 0.198593
0.740000 0.198937
0.750000 0.199282
0.760000 0.199627
0.770000 0.199973
0.780000 0.200319
0.790000 0.200666
0.800000 0.201014
0.810000 0.201362
0.820000 0.201711
0.830000 0.202060
0.839999 0.202410
0.849999 0.202761
0.859999 0.203112
0.869999 0.203464
0.879999 0.203816
0.889999 0.204169
0.899999 0.204523
0.909999 0.204877
0.919999 0.205232
0.929999 0.205587
0.939999 0.205943
0.949999 0.206300
0.959999 0.206657
0.969999 0.207015
0.979999 0.207374
0.989999 0.207733
0.999999 0.208092
1.009999 0.208453
1.019999 0.208814
1.029999 0.209175
1.039999 0.209537
1.049999 0.209900
1.059999 0.210264
1.069999 0.210628
1.079999 0.210992
1.089999 0.211357
1.099999 0.211723
1.109999 0.212090
1.119999 0.212457
1.129999 0.212825
1.139999 0.213193
1.149999 0.213562
1.159999 0.213932
1.169999 0.214302
1.179999 0.214673
1.189999 0.215044
1.199999 0.215417
1.209999 0.215789
1.219999 0.216163
1.229999 0.216537
1.239999 0.216912
1.249999 0.217287
1.259999 0.217663
1.269999 0.218040
1.279999 0.218417
1.289999 0.218795
1.299999 0.219173
1.309999 0.219553
1.319999 0.219932
1.329999 0.220313
1.339999 0.220694
1.349999 0.221076
1.359999 0.221458
1.369999 0.221841
1.379999 0.222225
1.389999 0.222609
1.399999 0.222994
1.409999 0.223380
1.419999 0.223767
1.429999 0.224154
1.439999 0.224541
1.449999 0.224930
1.459999 0.225319
1.469999 0.225708
1.479999 0.226099
1.489999 0.226489
1.499999 0.226881
1.509999 0.227273
1.519999 0.227666
1.529999 0.228060
1.539999 0.228454
1.549999 0.228849
1.559999 0.229245
1.569999 0.229641
1.579999 0.230038
1.589999 0.230436
1.599999 0.230834
1.609999 0.231233
1.619999 0.231633
1.629999 0.232033
1.639999 0.232434
1.649999 0.232836
1.659999 0.233239
1.669999 0.233642
1.679999 0.234046
1.689999 0.234450
1.699999 0.234855
1.709999 0.235261
1.719999 0.235668
1.729999 0.236075
1.739999 0.236483
1.749999 0.236891
1.759999 0.237301
1.769999 0.237711
1.779999 0.238121
1.789999 0.238533
1.799999 0.238945
1.809999 0.239357
1.819999 0.239771
1.829999 0.240185
1.839999 0.240600
1.849999 0.241016
1.859999 0.241432
1.869999 0.241849
1.879999 0.242267
1.889999 0.242685
1.899999 0.243104
1.909999 0.243524
1.919999 0.243944
1.929999 0.244366
1.939999 0.244788
1.949998 0.245210
1.959998 0.245634
1.969998 0.246058
1.979998 0.246483
1.989998 0.246908
1.999998 0.247334
2.009999 0.247761
2.019999 0.248189
2.029999 0.248618
2.039999 0.249047
2.049999 0.249477
2.059999 0.249907
2.069999 0.250338
2.079998 0.250771
2.089998 0.251203
2.099998 0.251637
2.109998 0.252071
2.119998 0.252506
2.129998 0.252942
2.139998 0.253378
2.149998 0.253815
2.159998 0.254253
2.169998 0.254692
2.179998 0.255131
2.189998 0.255572
2.199998 0.256012
2.209998 0.256454
2.219998 0.256896
2.229998 0.257340
2.239998 0.257783
2.249998 0.258228
2.259998 0.258673
2.269998 0.259120
2.279998 0.259566
2.289998 0.260014
2.299998 0.260462
2.309998 0.260912
2.319998 0.261362
2.329998 0.261812
2.339998 0.262264
2.349998 0.262716
2.359998 0.263169
2.369998 0.263622
2.379998 0.264077
2.389998 0.264532
2.399998 0.264988
2.409998 0.265445
2.419998 0.265902
2.429998 0.266361
2.439998 0.266820
2.449998 0.267280
2.459998 0.267740
2.469998 0.268202
2.479998 0.268664
2.489998 0.269127
2.499998 0.269590
2.509998 0.270055
2.519998 0.270520
2.529998 0.270986
2.539998 0.271453
2.549998 0.271921
2.559998 0.272389
2.569998 0.272858
2.579998 0.273328
2.589998 0.273799
2.599998 0.274271
2.609998 0.274743
2.619998 0.275216
2.629998 0.275690
2.639998 0.276165
2.649998 0.276640
2.659998 0.277117
2.669998 0.277594
2.679998 0.278072
2.689998 0.278551
2.699998 0.279030
2.709998 0.279511
2.719998 0.279992
2.729998 0.280474
2.739998 0.280956
2.749998 0.281440
2.759998 0.281924
2.769998 0.282410
2.779998 0.282896
2.789998 0.283382
2.799998 0.283870
2.809998 0.284358
2.819998 0.284848
2.829998 0.285338
2.839998 0.285829
2.849998 0.286321
2.859998 0.286813
2.869998 0.287306
2.879998 0.287801
2.889998 0.288296
2.899998 0.288792
2.909998 0.289288
2.919998 0.289786
2.929998 0.290284
2.939998 0.290783
2.949998 0.291283
2.959998 0.291784
2.969998 0.292286
2.979998 0.292788
2.989998 0.293292
2.999998 0.293796
3.009998 0.294301
3.019998 0.294807
3.029998 0.295314
3.039998 0.295821
3.049998 0.296330
3.059998 0.296839
3.069998 0.297349
3.079998 0.297860
3.089998 0.298372
3.099998 0.298885
3.109998 0.299398
3.119998 0.299912
3.129997 0.300428
3.139997 0.300944
3.149997 0.301461
3.159997 0.301979
3.169997 0.302497
3.179997 0.303017
3.189997 0.303537
3.199997 0.304059
3.209997 0.304581
3.219997 0.305104
3.229997 0.305628
3.239997 0.306152
3.249997 0.306678
3.259997 0.307205
3.269997 0.307732
3.279997 0.308260
3.289997 0.308789
3.299997 0.309319
3.309997 0.309850
3.319997 0.310382
3.329997 0.310915
3.339997 0.311448
3.349997 0.311983
3.359997 0.312518
3.369997 0.313054
3.379997 0.313591
3.389997 0.314129
3.399997 0.314668
3.409997 0.315208
3.419997 0.315749
3.429997 0.316290
3.439997 0.316833
3.449997 0.317376
3.459997 0.317920
3.469997 0.318465
3.479997 0.319011
3.489997 0.319558
3.499997 0.320106
3.509997 0.320655
3.519997 0.321205
3.529997 0.321755
3.539997 0.322307
3.549997 0.322859
3.559997 0.323413
3.569997 0.323967
3.579997 0.324522
3.589997 0.325078
3.599997 0.325635
3.609997 0.326193
3.619997 0.326752
3.629997 0.327312
3.639997 0.327872
3.649997 0.328434
3.659997 0.328997
3.669997 0.329560
3.679997 0.330125
3.689997 0.330690
3.699997 0.331256
3.709997 0.331823
3.719997 0.332391
3.729997 0.332961
3.739997 0.333531
3.749997 0.334102
3.759997 0.334673
3.769997 0.335246
3.779997 0.335820
3.789997 0.336395
3.799997 0.336970
3.809997 0.337547
3.819997 0.338125
3.829997 0.338703
3.839997 0.339283
3.849997 0.339863
3.859997 0.340444
3.869997 0.341027
3.879997 0.341610
3.889997 0.342194
3.899997 0.342780
3.909997 0.343366
3.919997 0.343953
3.929997 0.344541
3.939997 0.345130
3.949997 0.345720
3.959997 0.346311
3.969997 0.346903
3.979997 0.347496
3.989997 0.348090
3.999997 0.348685
4.009997 0.349281
4.019997 0.349877
4.029997 0.350475
4.039998 0.351074
4.049998 0.351674
4.059998 0.352275
4.069998 0.352876
4.079998 0.353479
4.089999 0.354083
4.099999 0.354687
4.109999 0.355293
4.119999 0.355900
4.130000 0.356507
4.140000 0.357116
4.150000 0.357726
4.160000 0.358336
4.170001 0.358948
4.180001 0.359561
4.190001 0.360174
4.200001 0.360789
4.210001 0.361405
4.220002 0.362021
4.230002 0.362639
4.240002 0.363258
4.250002 0.363877
4.260003 0.364498
4.270003 0.365120
4.280003 0.365742
4.290003 0.366366
4.300004 0.366991
4.310004 0.367617
4.320004 0.368243
4.330004 0.368871
4.340004 0.369500
4.350005 0.370130
4.360005 0.370761
4.370005 0.371393
4.380005 0.372026
4.390006 0.372660
4.400006 0.373294
4.410006 0.373930
4.420006 0.374568
4.430007 0.375206
4.440007 0.375845
4.450007 0.376485
4.460007 0.377126
4.470007 0.377768
4.480008 0.378412
4.490008 0.379056
4.500008 0.379701
4.510008 0.380348
4.520009 0.380995
4.530009 0.381644
4.540009 0.382293
4.550009 0.382944
4.560009 0.383595
4.570010 0.384248
4.580010 0.384902
4.590010 0.385557
4.600010 0.386212
4.610011 0.386869
4.620011 0.387527
4.630011 0.388186
4.640011 0.388846
4.650012 0.389508
4.660012 0.390170
4.670012 0.390833
4.680012 0.391498
4.690012 0.392163
4.700013 0.392830
4.710013 0.393497
4.720013 0.394166
4.730013 0.394836
4.740014 0.395506
4.750014 0.396178
4.760014 0.396851
4.770014 0.397525
4.780015 0.398201
4.790015 0.398877
4.800015 0.399554
4.810015 0.400233
4.820015 0.400912
4.830016 0.401593
4.840016 0.402274
4.850016 0.402957
4.860016 0.403641
4.870017 0.404326
4.880017 0.405012
4.890017 0.405699
4.900017 0.406388
4.910017 0.407077
4.920018 0.407767
4.930018 0.408459
4.940018 0.409152
4.950018 0.409846
4.960019 0.410540
4.970019 0.411236
4.980019 0.411934
4.990019 0.412632
5.000020 0.413331
5.010020 0.414032
5.020020 0.414733
5.030020 0.415436
5.040020 0.416140
5.050021 0.416845
5.060021 0.417551
5.070021 0.418258
5.080021 0.418967
5.090022 0.419676
5.100022 0.420387
5.110022 0.421098
5.120022 0.421811
5.130023 0.422525
5.140023 0.423240
5.150023 0.423957
5.160023 0.424674
5.170023 0.425393
5.180024 0.426112
5.190024 0.426833
5.200024 0.427555
5.210024 0.428278
5.220025 0.429002
5.230025 0.429728
5.240025 0.430454
5.250025 0.431182
5.260026 0.431911
5.270026 0.432641
5.280026 0.433372
5.290026 0.434105
5.300026 0.434838
5.310027 0.435573
5.320027 0.436309
5.330027 0.437046
5.340027 0.437784
5.350028 0.438523
5.360028 0.439264
5.370028 0.440005
5.380028 0.440748
5.390028 0.441492
5.400029 0.442237
5.410029 0.442984
5.420029 0.443731
5.430029 0.444480
5.440030 0.445230
5.450030 0.445981
5.460030 0.446733
5.470030 0.447486
5.480031 0.448241
5.490031 0.448997
5.500031 0.449754
5.510031 0.450512
5.520031 0.451271
5.530032 0.452032
5.540032 0.452794
5.550032 0.453556
5.560032 0.454321
5.570033 0.455086
5.580033 0.455852
5.590033 0.456620
5.600033 0.457389
5.610034 0.458159
5.620034 0.458931
5.630034 0.459703
5.640034 0.460477
5.650034 0.461252
5.660035 0.462028
5.670035 0.462805
5.680035 0.463584
5.690035 0.464364
5.700036 0.465145
5.710036 0.465927
5.720036 0.466711
5.730036 0.467495
5.740036 0.468281
5.750037 0.469068
5.760037 0.469857
5.770037 0.470646
5.780037 0.471437
5.790038 0.472229
5.800038 0.473022
5.810038 0.473817
5.820038 0.474613
5.830039 0.475410
5.840039 0.476208
5.850039 0.477007
5.860039 0.477808
5.870039 0.478610
5.880040 0.479413
5.890040 0.480217
5.900040 0.481023
5.910040 0.481830
5.920041 0.482638
5.930041 0.483447
5.940041 0.484258
5.950041 0.485070
5.960042 0.485883
5.970042 0.486697
5.980042 0.487513
5.990042 0.488330
6.000042 0.489148
6.010043 0.489968
6.020043 0.490788
6.030043 0.491610
6.040043 0.492433
6.050044 0.493258
6.060044 0.494084
6.070044 0.494911
6.080044 0.495739
6.090044 0.496568
6.100045 0.497399
6.110045 0.498231
6.120045 0.499065
6.130045 0.499899
6.140046 0.500735
6.150046 0.501572
6.160046 0.502411
6.170046 0.503251
6.180047 0.504092
6.190047 0.504934
6.200047 0.505778
6.210047 0.506623
6.220047 0.507469
6.230048 0.508316
6.240048 0.509165
6.250048 0.510015
6.260048 0.510866
6.270049 0.511719
6.280049 0.512573
6.290049 0.513428
6.300049 0.514285
6.310050 0.515143
6.320050 0.516002
6.330050 0.516862
6.340050 0.517724
6.350050 0.518587
6.360051 0.519451
6.370051 0.520317
6.380051 0.521184
6.390051 0.522052
6.400052 0.522922
6.410052 0.523793
6.420052 0.524665
6.430052 0.525539
6.440053 0.526414
6.450053 0.527290
6.460053 0.528167
6.470053 0.529046
6.480053 0.529926
6.490054 0.530808
6.500054 0.531691
6.510054 0.532575
6.520054 0.533460
6.530055 0.534347
6.540055 0.535235
6.550055 0.536125
6.560055 0.537015
6.570055 0.537907
6.580056 0.538801
6.590056 0.539696
6.600056 0.540592
6.610056 0.541489
6.620057 0.542388
6.630057 0.543288
6.640057 0.544190
6.650057 0.545093
6.660058 0.545997
6.670058 0.546902
6.680058 0.547809
6.690058 0.548717
6.700058 0.549627
6.710059 0.550538
6.720059 0.551450
6.730059 0.552364
6.740059 0.553279
6.750060 0.554195
6.760060 0.555113
6.770060 0.556032
6.780060 0.556953
6.790061 0.557874
6.800061 0.558798
6.810061 0.559722
6.820061 0.560648
6.830061 0.561575
6.840062 0.562504
6.850062 0.563434
6.860062 0.564365
6.870062 0.565298
6.880063 0.566232
6.890063 0.567168
6.900063 0.568105
6.910063 0.569043
6.920063 0.569982
6.930064 0.570923
6.940064 0.571866
6.950064 0.572810
6.960064 0.573755
6.970065 0.574701
6.980065 0.575649
6.990065 0.576599
7.000065 0.577549
7.010066 0.578501
7.020066 0.579455
7.030066 0.580410
7.040066 0.581366
7.050066 0.582324
7.060067 0.583283
7.070067 0.584243
7.080067 0.585205
7.090067 0.586168
7.100068 0.587133
7.110068 0.588099
7.120068 0.589066
7.130068 0.590035
7.140069 0.591006
7.150069 0.591977
7.160069 0.592950
7.170069 0.593925
7.180069 0.594901
7.190070 0.595878
7.200070 0.596857
7.210070 0.597837
7.220070 0.598818
7.230071 0.599801
7.240071 0.600786
7.250071 0.601771
7.260071 0.602758
7.270072 0.603747
7.280072 0.604737
7.290072 0.605729
7.300072 0.606721
7.310072 0.607716
7.320073 0.608711
7.330073 0.609709
7.340073 0.610707
7.350073 0.611707
7.360074 0.612708
7.370074 0.613711
7.380074 0.614716
7.390074 0.615721
7.400074 0.616728
7.410075 0.617737
7.420075 0.618747
7.430075 0.619758
7.440075 0.620771
7.450076 0.621786
7.460076 0.622801
7.470076 0.623819
7.480076 0.624837
7.490077 0.625857
7.500077 0.626879
7.510077 0.627902
7.520077 0.628926
7.530077 0.629952
7.540078 0.630979
7.550078 0.632008
7.560078 0.633038
7.570078 0.634070
7.580079 0.635103
7.590079 0.636137
7.600079 0.637173
7.610079 0.638211
7.620080 0.639250
7.630080 0.640290
7.640080 0.641332
7.650080 0.642375
7.660080 0.643420
7.670081 0.644466
7.680081 0.645514
7.690081 0.646563
7.700081 0.647613
7.710082 0.648665
7.720082 0.649719
7.730082 0.650774
7.740082 0.651830
7.750082 0.652888
7.760083 0.653947
7.770083 0.655008
7.780083 0.656070
7.790083 0.657134
7.800084 0.658199
7.810084 0.659266
7.820084 0.660334
7.830084 0.661403
7.840085 0.662474
7.850085 0.663547
7.860085 0.664621
7.870085 0.665696
7.880085 0.666773
7.890086 0.667852
7.900086 0.668932
7.910086 0.670013
7.920086 0.671096
7.930087 0.672180
7.940087 0.673266
7.950087 0.674354
7.960087 0.675442
7.970088 0.676533
7.980088 0.677624
7.990088 0.678718
8.000088 0.679812
8.010088 0.680909
8.020088 0.682006
8.030088 0.683105
8.040089 0.684206
8.050089 0.685308
8.060089 0.686412
8.070089 0.687517
8.080090 0.688624
8.090090 0.689732
8.100090 0.690841
8.110090 0.691952
8.120090 0.693065
8.130091 0.694179
8.140091 0.695295
8.150091 0.696412
8.160091 0.697530
8.170092 0.698650
8.180092 0.699772
8.190092 0.700895
8.200092 0.702019
8.210093 0.703145
8.220093 0.704273
8.230093 0.705402
8.240093 0.706533
8.250093 0.707665
8.260094 0.708798
8.270094 0.709933
8.280094 0.711070
8.290094 0.712208
8.300095 0.713347
8.310095 0.714488
8.320095 0.715631
8.330095 0.716775
8.340096 0.717920
8.350096 0.719067
8.360096 0.720216
8.370096 0.721366
8.380096 0.722518
8.390097 0.723671
8.400097 0.724825
8.410097 0.725981
8.420097 0.727139
8.430098 0.728298
8.440098 0.729459
8.450098 0.730621
8.460098 0.731784
8.470098 0.732950
8.480099 0.734116
8.490099 0.735284
8.500099 0.736454
8.510099 0.737625
8.520100 0.738798
8.530100 0.739972
8.540100 0.741148
8.550100 0.742325
8.560101 0.743504
8.570101 0.744684
8.580101 0.745866
8.590101 0.747049
8.600101 0.748234
8.610102 0.749420
8.620102 0.750608
8.630102 0.751797
8.640102 0.752988
8.650103 0.754181
8.660103 0.755375
8.670103 0.756570
8.680103 0.757767
8.690104 0.758965
8.700104 0.760165
8.710104 0.761367
8.720104 0.762570
8.730104 0.763774
8.740105 0.764980
8.750105 0.766188
8.760105 0.767397
8.770105 0.768607
8.780106 0.769819
8.790106 0.771033
8.800106 0.772248
8.810106 0.773465
8.820107 0.774683
8.830107 0.775903
8.840107 0.777124
8.850107 0.778346
8.860107 0.779571
8.870108 0.780796
8.880108 0.782024
8.890108 0.783252
8.900108 0.784483
8.910109 0.785715
8.920109 0.786948
8.930109 0.788183
8.940109 0.789419
8.950109 0.790657
8.960110 0.791896
8.970110 0.793137
8.980110 0.794380
8.990110 0.795624
9.000111 0.796869
9.010111 0.798116
9.020111 0.799365
9.030111 0.800615
9.040112 0.801866
9.050112 0.803119
9.060112 0.804374
9.070112 0.805630
9.080112 0.806888
9.090113 0.808147
9.100113 0.809408
9.110113 0.810670
9.120113 0.811933
9.130114 0.813199
9.140114 0.814465
9.150114 0.815734
9.160114 0.817003
9.170115 0.818275
9.180115 0.819547
9.190115 0.820822
9.200115 0.822097
9.210115 0.823375
9.220116 0.824654
9.230116 0.825934
9.240116 0.827216
9.250116 0.828499
9.260117 0.829784
9.270117 0.831071
9.280117 0.832358
9.290117 0.833648
9.300117 0.834939
9.310118 0.836231
9.320118 0.837525
9.330118 0.838821
9.340118 0.840118
9.350119 0.841416
9.360119 0.842716
9.370119 0.844018
9.380119 0.845321
9.390120 0.846625
9.400120 0.847931
9.410120 0.849239
9.420120 0.850548
9.430120 0.851858
9.440121 0.853170
9.450121 0.854484
9.460121 0.855799
9.470121 0.857116
9.480122 0.858434
9.490122 0.859753
9.500122 0.861074
9.510122 0.862397
9.520123 0.863721
9.530123 0.865046
9.540123 0.866373
9.550123 0.867702
9.560123 0.869032
9.570124 0.870364
9.580124 0.871697
9.590124 0.873031
9.600124 0.874367
9.610125 0.875705
9.620125 0.877044
9.630125 0.878384
9.640125 0.879726
9.650126 0.881070
9.660126 0.882415
9.670126 0.883761
9.680126 0.885109
9.690126 0.886459
9.700127 0.887810
9.710127 0.889162
9.720127 0.890516
9.730127 0.891872
9.740128 0.893229
9.750128 0.894587
9.760128 0.895947
9.770128 0.897308
9.780128 0.898671
9.790129 0.900035
9.800129 0.901401
9.810129 0.902768
9.820129 0.904137
9.830130 0.905507
9.840130 0.906879
9.850130 0.908252
9.860130 0.909627
9.870131 0.911003
9.880131 0.912380
9.890131 0.913759
9.900131 0.915140
9.910131 0.916522
9.920132 0.917905
9.930132 0.919290
9.940132 0.920677
9.950132 0.922065
9.960133 0.923454
9.970133 0.924845
9.980133 0.926237
9.990133 0.927631
10.000134 0.929026
10.010134 0.930422
10.020134 0.931820
10.030134 0.933220
10.040134 0.934621
10.050135 0.936023
10.060135 0.937427
10.070135 0.938832
10.080135 0.940239
10.090136 0.941647
10.100136 0.943057
10.110136 0.944468
10.120136 0.945881
10.130136 0.947295
10.140137 0.948710
10.150137 0.950127
10.160137 0.951545
10.170137 0.952965
10.180138 0.954386
10.190138 0.955809
10.200138 0.957233
10.210138 0.958658
10.220139 0.960085
10.230139 0.961513
10.240139 0.962943
10.250139 0.964374
10.260139 0.965807
10.270140 0.967241
10.280140 0.968676
10.290140 0.970113
10.300140 0.971551
10.310141 0.972991
10.320141 0.974432
10.330141 0.975874
10.340141 0.977318
10.350142 0.978763
10.360142 0.980210
10.370142 0.981658
10.380142 0.983108
10.390142 0.984559
10.400143 0.986011
10.410143 0.987465
10.420143 0.988920
10.430143 0.990376
10.440144 0.991834
10.450144 0.993293
10.460144 0.994754
10.470144 0.996216
10.480145 0.997680
10.490145 0.999145
10.500145 1.000611
10.510145 1.002078
10.520145 1.003547
10.530146 1.005018
10.540146 1.006489
10.550146 1.007962
10.560146 1.009437
10.570147 1.010913
10.580147 1.012390
10.590147 1.013868
10.600147 1.015348
10.610147 1.016830
10.620148 1.018312
10.630148 1.019796
10.640148 1.021282
10.650148 1.022768
10.660149 1.024256
10.670149 1.025746
10.680149 1.027237
10.690149 1.028729
10.700150 1.030222
10.710150 1.031717
10.720150 1.033213
10.730150 1.034710
10.740150 1.036209
10.750151 1.037709
10.760151 1.039211
10.770151 1.040714
10.780151 1.042218
10.790152 1.043723
10.800152 1.045230
10.810152 1.046738
10.820152 1.048247
10.830153 1.049758
10.840153 1.051270
10.850153 1.052783
10.860153 1.054298
10.870153 1.055814
10.880154 1.057331
10.890154 1.058849
10.900154 1.060369
10.910154 1.061890
10.920155 1.063413
10.930155 1.064936
10.940155 1.066461
10.950155 1.067988
10.960155 1.069515
10.970156 1.071044
10.980156 1.072574
10.990156 1.074106
11.000156 1.075638
11.010157 1.077172
11.020157 1.078707
11.030157 1.080244
11.040157 1.081781
11.050158 1.083320
11.060158 1.084861
11.070158 1.086402
11.080158 1.087945
11.090158 1.089489
11.100159 1.091034
11.110159 1.092580
11.120159 1.094128
11.130159 1.095677
11.140160 1.097227
11.150160 1.098779
11.160160 1.100331
11.170160 1.101885
11.180161 1.103440
11.190161 1.104997
11.200161 1.106554
11.210161 1.108113
11.220161 1.109673
11.230162 1.111234
11.240162 1.112796
11.250162 1.114360
11.260162 1.115925
11.270163 1.117491
11.280163 1.119058
11.290163 1.120626
11.300163 1.122196
11.310163 1.123767
11.320164 1.125339
11.330164 1.126912
11.340164 1.128486
11.350164 1.130061
11.360165 1.131638
11.370165 1.133216
11.380165 1.134795
11.390165 1.136375
11.400166 1.137956
11.410166 1.139539
11.420166 1.141122
11.430166 1.142707
11.440166 1.144293
11.450167 1.145880
11.460167 1.147468
11.470167 1.149058
11.480167 1.150648
11.490168 1.152240
11.500168 1.153832
11.510168 1.155426
11.520168 1.157021
11.530169 1.158617
11.540169 1.160214
11.550169 1.161813
11.560169 1.163412
11.570169 1.165013
11.580170 1.166614
11.590170 1.168217
11.600170 1.169821
11.610170 1.171426
11.620171 1.173032
11.630171 1.174639
11.640171 1.176247
11.650171 1.177856
11.660172 1.179466
11.670172 1.181078
11.680172 1.182690
11.690172 1.184304
11.700172 1.185918
11.710173 1.187534
11.720173 1.189151
11.730173 1.190768
11.740173 1.192387
11.750174 1.194007
11.760174 1.195628
11.770174 1.197250
11.780174 1.198873
11.790174 1.200496
11.800175 1.202121
11.810175 1.203747
11.820175 1.205374
11.830175 1.207002
11.840176 1.208632
11.850176 1.210262
11.860176 1.211893
11.870176 1.213525
11.880177 1.215158
11.890177 1.216792
11.900177 1.218427
11.910177 1.220063
11.920177 1.221700
11.930178 1.223338
11.940178 1.224977
11.950178 1.226616
11.960178 1.228257
11.970179 1.229899
11.980179 1.231542
11.990179 1.233186
12.000179 1.234830
12.010180 1.236476
12.020180 1.238123
12.030180 1.239770
12.040180 1.241418
12.050180 1.243068
12.060181 1.244718
12.070181 1.246369
12.080181 1.248021
12.090181 1.249674
12.100182 1.251328
12.110182 1.252983
12.120182 1.254639
12.130182 1.256296
12.140182 1.257953
12.150183 1.259612
12.160183 1.261271
12.170183 1.262931
12.180183 1.264592
12.190184 1.266254
12.200184 1.267917
12.210184 1.269581
12.220184 1.271245
12.230185 1.272911
12.240185 1.274577
12.250185 1.276244
12.260185 1.277912
12.270185 1.279581
12.280186 1.281250
12.290186 1.282921
12.300186 1.284592
12.310186 1.286264
12.320187 1.287937
12.330187 1.289611
12.340187 1.291285
12.350187 1.292961
12.360188 1.294637
12.370188 1.296314
12.380188 1.297992
12.390188 1.299670
12.400188 1.301349
12.410189 1.303030
12.420189 1.304710
12.430189 1.306392
12.440189 1.308074
12.450190 1.309758
12.460190 1.311442
12.470190 1.313126
12.480190 1.314812
12.490191 1.316498
12.500191 1.318185
12.510191 1.319872
12.520191 1.321561
12.530191 1.323250
12.540192 1.324940
12.550192 1.326630
12.560192 1.328321
12.570192 1.330013
12.580193 1.331706
12.590193 1.333399
12.600193 1.335093
12.610193 1.336788
12.620193 1.338484
12.630194 1.340180
12.640194 1.341876
12.650194 1.343574
12.660194 1.345272
12.670195 1.346971
12.680195 1.348670
12.690195 1.350370
12.700195 1.352071
12.710196 1.353772
12.720196 1.355474
12.730196 1.357177
12.740196 1.358880
12.750196 1.360584
12.760197 1.362289
12.770197 1.363994
12.780197 1.365700
12.790197 1.367406
12.800198 1.369113
12.810198 1.370821
12.820198 1.372529
12.830198 1.374237
12.840199 1.375947
12.850199 1.377657
12.860199 1.379367
12.870199 1.381078
12.880199 1.382790
12.890200 1.384502
12.900200 1.386214
12.910200 1.387928
12.920200 1.389642
12.930201 1.391356
12.940201 1.393071
12.950201 1.394786
12.960201 1.396502
12.970201 1.398218
12.980202 1.399935
12.990202 1.401653
13.000202 1.403371
13.010202 1.405089
13.020203 1.406808
13.030203 1.408528
13.040203 1.410248
13.050203 1.411968
13.060204 1.413689
13.070204 1.415410
13.080204 1.417132
13.090204 1.418854
13.100204 1.420577
13.110205 1.422300
13.120205 1.424024
13.130205 1.425748
13.140205 1.427472
13.150206 1.429197
13.160206 1.430923
13.170206 1.432648
13.180206 1.434375
13.190207 1.436101
13.200207 1.437828
13.210207 1.439556
13.220207 1.441283
13.230207 1.443011
13.240208 1.444740
13.250208 1.446469
13.260208 1.448198
13.270208 1.449928
13.280209 1.451658
13.290209 1.453388
13.300209 1.455119
13.310209 1.456850
13.320210 1.458582
13.330210 1.460313
13.340210 1.462046
13.350210 1.463778
13.360210 1.465511
13.370211 1.467244
13.380211 1.468977
13.390211 1.470711
13.400211 1.472445
13.410212 1.474179
13.420212 1.475914
13.430212 1.477649
13.440212 1.479384
13.450212 1.481119
13.460213 1.482855
13.470213 1.484591
13.480213 1.486327
13.490213 1.488064
13.500214 1.489801
13.510214 1.491537
13.520214 1.493275
13.530214 1.495012
13.540215 1.496750
13.550215 1.498488
13.560215 1.500226
13.570215 1.501964
13.580215 1.503703
13.590216 1.505442
13.600216 1.507180
13.610216 1.508920
13.620216 1.510659
13.630217 1.512398
13.640217 1.514138
13.650217 1.515878
13.660217 1.517618
13.670218 1.519358
13.680218 1.521099
13.690218 1.522839
13.700218 1.524580
13.710218 1.526321
13.720219 1.528061
13.730219 1.529802
13.740219 1.531544
13.750219 1.533285
13.760220 1.535026
13.770220 1.536768
13.780220 1.538509
13.790220 1.540251
13.800220 1.541993
13.810221 1.543735
13.820221 1.545477
13.830221 1.547219
13.840221 1.548961
13.850222 1.550703
13.860222 1.552446
13.870222 1.554188
13.880222 1.555930
13.890223 1.557673
13.900223 1.559415
13.910223 1.561157
13.920223 1.562900
13.930223 1.564643
13.940224 1.566385
13.950224 1.568128
13.960224 1.569870
13.970224 1.571613
13.980225 1.573355
13.990225 1.575098
14.000225 1.576840
14.010225 1.578583
14.020226 1.580326
14.030226 1.582068
14.040226 1.583810
14.050226 1.585553
14.060226 1.587295
14.070227 1.589038
14.080227 1.590780
14.090227 1.592522
14.100227 1.594264
14.110228 1.596006
14.120228 1.597748
14.130228 1.599490
14.140228 1.601232
14.150229 1.602974
14.160229 1.604715
14.170229 1.606457
14.180229 1.608198
14.190229 1.609939
14.200230 1.611681
14.210230 1.613422
14.220230 1.615163
14.230230 1.616903
14.240231 1.618644
14.250231 1.620385
14.260231 1.622125
14.270231 1.623865
14.280231 1.625605
14.290232 1.627345
14.300232 1.629085
14.310232 1.630824
14.320232 1.632564
14.330233 1.634303
14.340233 1.636042
14.350233 1.637780
14.360233 1.639519
14.370234 1.641257
14.380234 1.642996
14.390234 1.644733
14.400234 1.646471
14.410234 1.648209
14.420235 1.649946
14.430235 1.651683
14.440235 1.653420
14.450235 1.655156
14.460236 1.656892
14.470236 1.658628
14.480236 1.660364
14.490236 1.662100
14.500237 1.663835
14.510237 1.665570
14.520237 1.667304
14.530237 1.669039
14.540237 1.670773
14.550238 1.672506
14.560238 1.674240
14.570238 1.675973
14.580238 1.677706
14.590239 1.679438
14.600239 1.681170
14.610239 1.682902
14.620239 1.684633
14.630239 1.686365
14.640240 1.688095
14.650240 1.689826
14.660240 1.691556
14.670240 1.693286
14.680241 1.695015
14.690241 1.696744
14.700241 1.698472
14.710241 1.700201
14.720242 1.701928
14.730242 1.703656
14.740242 1.705383
14.750242 1.707109
14.760242 1.708836
14.770243 1.710561
14.780243 1.712287
14.790243 1.714012
14.800243 1.715736
14.810244 1.717460
14.820244 1.719184
14.830244 1.720907
14.840244 1.722630
14.850245 1.724352
14.860245 1.726074
14.870245 1.727796
14.880245 1.729516
14.890245 1.731237
14.900246 1.732957
14.910246 1.734676
14.920246 1.736395
14.930246 1.738114
14.940247 1.739832
14.950247 1.741549
14.960247 1.743266
14.970247 1.744983
14.980247 1.746699
14.990248 1.748414
15.000248 1.750129
15.010248 1.751843
15.020248 1.753557
15.030249 1.755270
15.040249 1.756983
15.050249 1.758695
15.060249 1.760407
15.070250 1.762118
15.080250 1.763828
15.090250 1.765538
15.100250 1.767248
15.110250 1.768957
15.120251 1.770665
15.130251 1.772372
15.140251 1.774079
15.150251 1.775786
15.160252 1.777491
15.170252 1.779197
15.180252 1.780901
15.190252 1.782605
15.200253 1.784308
15.210253 1.786011
15.220253 1.787713
15.230253 1.789415
15.240253 1.791115
15.250254 1.792816
15.260254 1.794515
15.270254 1.796214
15.280254 1.797912
15.290255 1.799609
15.300255 1.801306
15.310255 1.803002
15.320255 1.804698
15.330256 1.806393
15.340256 1.808087
15.350256 1.809780
15.360256 1.811473
15.370256 1.813165
15.380257 1.814856
15.390257 1.816547
15.400257 1.818237
15.410257 1.819926
15.420258 1.821614
15.430258 1.823302
15.440258 1.824989
15.450258 1.826675
15.460258 1.828360
15.470259 1.830045
15.480259 1.831729
15.490259 1.833412
15.500259 1.835095
15.510260 1.836776
15.520260 1.838457
15.530260 1.840138
15.540260 1.841817
15.550261 1.843495
15.560261 1.845173
15.570261 1.846850
15.580261 1.848526
15.590261 1.850202
15.600262 1.851876
15.610262 1.853550
15.620262 1.855223
15.630262 1.856895
15.640263 1.858567
15.650263 1.860237
15.660263 1.861907
15.670263 1.863576
15.680264 1.865244
15.690264 1.866911
15.700264 1.868577
15.710264 1.870243
15.720264 1.871907
15.730265 1.873571
15.740265 1.875234
15.750265 1.876896
15.760265 1.878557
15.770266 1.880217
15.780266 1.881877
15.790266 1.883535
15.800266 1.885193
15.810266 1.886849
15.820267 1.888505
15.830267 1.890160
15.840267 1.891814
15.850267 1.893467
15.860268 1.895119
15.870268 1.896771
15.880268 1.898421
15.890268 1.900070
15.900269 1.901719
15.910269 1.903367
15.920269 1.905013
15.930269 1.906659
15.940269 1.908304
15.950270 1.909947
15.960270 1.911590
15.970270 1.913232
15.980270 1.914873
15.990271 1.916513
16.000271 1.918152
16.010271 1.919790
16.020271 1.921427
16.030272 1.923063
16.040272 1.924698
16.050272 1.926332
16.060272 1.927965
16.070272 1.929597
16.080273 1.931228
16.090273 1.932859
16.100273 1.934488
16.110273 1.936116
16.120274 1.937743
16.130274 1.939369
16.140274 1.940994
16.150274 1.942618
16.160275 1.944241
16.170275 1.945863
16.180275 1.947484
16.190275 1.949104
16.200275 1.950723
16.210276 1.952340
16.220276 1.953957
16.230276 1.955573
16.240276 1.957187
16.250277 1.958801
16.260277 1.960413
16.270277 1.962025
16.280277 1.963635
16.290277 1.965245
16.300278 1.966853
16.310278 1.968460
16.320278 1.970066
16.330278 1.971671
16.340279 1.973275
16.350279 1.974878
16.360279 1.976479
16.370279 1.978080
16.380280 1.979679
16.390280 1.981278
16.400280 1.982875
16.410280 1.984471
16.420280 1.986066
16.430281 1.987660
16.440281 1.989253
16.450281 1.990845
16.460281 1.992435
16.470282 1.994024
16.480282 1.995613
16.490282 1.997200
16.500282 1.998786
16.510283 2.000371
16.520283 2.001954
16.530283 2.003537
16.540283 2.005118
16.550283 2.006698
16.560284 2.008277
16.570284 2.009855
16.580284 2.011432
16.590284 2.013008
16.600285 2.014582
16.610285 2.016155
16.620285 2.017727
16.630285 2.019298
16.640285 2.020868
16.650286 2.022436
16.660286 2.024003
16.670286 2.025569
16.680286 2.027134
16.690287 2.028698
16.700287 2.030260
16.710287 2.031822
16.720287 2.033382
16.730288 2.034940
16.740288 2.036498
16.750288 2.038054
16.760288 2.039610
16.770288 2.041164
16.780289 2.042716
16.790289 2.044268
16.800289 2.045818
16.810289 2.047367
16.820290 2.048915
16.830290 2.050461
16.840290 2.052007
16.850290 2.053551
16.860291 2.055094
16.870291 2.056635
16.880291 2.058175
16.890291 2.059714
16.900291 2.061252
16.910292 2.062789
16.920292 2.064324
16.930292 2.065858
16.940292 2.067391
16.950293 2.068922
16.960293 2.070452
16.970293 2.071981
16.980293 2.073509
16.990294 2.075035
17.000294 2.076560
17.010294 2.078084
17.020294 2.079607
17.030294 2.081128
17.040295 2.082648
17.050295 2.084166
17.060295 2.085683
17.070295 2.087199
17.080296 2.088714
17.090296 2.090228
17.100296 2.091740
17.110296 2.093250
17.120296 2.094760
17.130297 2.096268
17.140297 2.097775
17.150297 2.099280
17.160297 2.100784
17.170298 2.102287
17.180298 2.103789
17.190298 2.105289
17.200298 2.106788
17.210299 2.108285
17.220299 2.109782
17.230299 2.111277
17.240299 2.112770
17.250299 2.114262
17.260300 2.115753
17.270300 2.117243
17.280300 2.118731
17.290300 2.120217
17.300301 2.121703
17.310301 2.123187
17.320301 2.124670
17.330301 2.126151
17.340302 2.127631
17.350302 2.129110
17.360302 2.130587
17.370302 2.132063
17.380302 2.133537
17.390303 2.135011
17.400303 2.136482
17.410303 2.137953
17.420303 2.139422
17.430304 2.140890
17.440304 2.142356
17.450304 2.143821
17.460304 2.145284
17.470304 2.146747
17.480305 2.148207
17.490305 2.149667
17.500305 2.151125
17.510305 2.152581
17.520306 2.154036
17.530306 2.155490
17.540306 2.156943
17.550306 2.158394
17.560307 2.159843
17.570307 2.161291
17.580307 2.162738
17.590307 2.164184
17.600307 2.165628
17.610308 2.167070
17.620308 2.168511
17.630308 2.169951
17.640308 2.171389
17.650309 2.172826
17.660309 2.174262
17.670309 2.175696
17.680309 2.177129
17.690310 2.178560
17.700310 2.179990
17.710310 2.181418
17.720310 2.182845
17.730310 2.184270
17.740311 2.185695
17.750311 2.187117
17.760311 2.188539
17.770311 2.189958
17.780312 2.191377
17.790312 2.192794
17.800312 2.194209
17.810312 2.195623
17.820312 2.197036
17.830313 2.198447
17.840313 2.199857
17.850313 2.201265
17.860313 2.202672
17.870314 2.204077
17.880314 2.205481
17.890314 2.206884
17.900314 2.208285
17.910315 2.209684
17.920315 2.211082
17.930315 2.212479
17.940315 2.213874
17.950315 2.215268
17.960316 2.216660
17.970316 2.218051
17.980316 2.219441
17.990316 2.220829
18.000317 2.222215
18.010317 2.223600
18.020317 2.224984
18.030317 2.226366
18.040318 2.227746
18.050318 2.229125
18.060318 2.230503
18.070318 2.231879
18.080318 2.233254
18.090319 2.234627
18.100319 2.235999
18.110319 2.237369
18.120319 2.238738
18.130320 2.240106
18.140320 2.241471
18.150320 2.242836
18.160320 2.244199
18.170321 2.245560
18.180321 2.246920
18.190321 2.248279
18.200321 2.249636
18.210321 2.250991
18.220322 2.252345
18.230322 2.253698
18.240322 2.255049
18.250322 2.256398
18.260323 2.257746
18.270323 2.259093
18.280323 2.260438
18.290323 2.261782
18.300323 2.263124
18.310324 2.264464
18.320324 2.265804
18.330324 2.267141
18.340324 2.268477
18.350325 2.269812
18.360325 2.271145
18.370325 2.272477
18.380325 2.273807
18.390326 2.275136
18.400326 2.276463
18.410326 2.277788
18.420326 2.279113
18.430326 2.280435
18.440327 2.281756
18.450327 2.283076
18.460327 2.284394
18.470327 2.285711
18.480328 2.287026
18.490328 2.288340
18.500328 2.289652
18.510328 2.290962
18.520329 2.292272
18.530329 2.293579
18.540329 2.294885
18.550329 2.296190
18.560329 2.297493
18.570330 2.298795
18.580330 2.300095
18.590330 2.301393
18.600330 2.302690
18.610331 2.303986
18.620331 2.305280
18.630331 2.306573
18.640331 2.307864
18.650331 2.309153
18.660332 2.310441
18.670332 2.311728
18.680332 2.313013
18.690332 2.314296
18.700333 2.315578
18.710333 2.316859
18.720333 2.318137
18.730333 2.319415
18.740334 2.320691
18.750334 2.321965
18.760334 2.323238
18.770334 2.324509
18.780334 2.325779
18.790335 2.327048
18.800335 2.328314
18.810335 2.329580
18.820335 2.330843
18.830336 2.332106
18.840336 2.333366
18.850336 2.334626
18.860336 2.335883
18.870337 2.337140
18.880337 2.338394
18.890337 2.339647
18.900337 2.340899
18.910337 2.342149
18.920338 2.343398
18.930338 2.344645
18.940338 2.345891
18.950338 2.347135
18.960339 2.348377
18.970339 2.349618
18.980339 2.350858
18.990339 2.352096
19.000340 2.353332
19.010340 2.354567
19.020340 2.355800
19.030340 2.357032
19.040340 2.358263
19.050341 2.359492
19.060341 2.360719
19.070341 2.361945
19.080341 2.363169
19.090342 2.364392
19.100342 2.365613
19.110342 2.366833
19.120342 2.368051
19.130342 2.369268
19.140343 2.370483
19.150343 2.371697
19.160343 2.372909
19.170343 2.374120
19.180344 2.375329
19.190344 2.376537
19.200344 2.377743
19.210344 2.378947
19.220345 2.380150
19.230345 2.381352
19.240345 2.382552
19.250345 2.383750
19.260345 2.384947
19.270346 2.386143
19.280346 2.387337
19.290346 2.388529
19.300346 2.389720
19.310347 2.390910
19.320347 2.392098
19.330347 2.393284
19.340347 2.394469
19.350348 2.395652
19.360348 2.396834
19.370348 2.398015
19.380348 2.399193
19.390348 2.400371
19.400349 2.401547
19.410349 2.402721
19.420349 2.403894
19.430349 2.405065
19.440350 2.406235
19.450350 2.407403
19.460350 2.408570
19.470350 2.409735
19.480350 2.410899
19.490351 2.412061
19.500351 2.413222
19.510351 2.414381
19.520351 2.415538
19.530352 2.416695
19.540352 2.417849
19.550352 2.419002
19.560352 2.420154
19.570353 2.421304
19.580353 2.422453
19.590353 2.423600
19.600353 2.424746
19.610353 2.425890
19.620354 2.427033
19.630354 2.428174
19.640354 2.429313
19.650354 2.430451
19.660355 2.431588
19.670355 2.432723
19.680355 2.433857
19.690355 2.434989
19.700356 2.436120
19.710356 2.437249
19.720356 2.438376
19.730356 2.439502
19.740356 2.440627
19.750357 2.441750
19.760357 2.442872
19.770357 2.443992
19.780357 2.445111
19.790358 2.446228
19.800358 2.447343
19.810358 2.448458
19.820358 2.449570
19.830359 2.450681
19.840359 2.451791
19.850359 2.452899
19.860359 2.454006
19.870359 2.455111
19.880360 2.456215
19.890360 2.457317
19.900360 2.458418
19.910360 2.459517
19.920361 2.460615
19.930361 2.461711
19.940361 2.462806
19.950361 2.463900
19.960361 2.464991
19.970362 2.466082
19.980362 2.467171
19.990362 2.468258
20.000362 2.469344
20.010363 2.470428
20.020363 2.471511
20.030363 2.472593
20.040363 2.473673
20.050364 2.474751
20.060364 2.475828
20.070364 2.476904
20.080364 2.477978
20.090364 2.479051
20.100365 2.480122
20.110365 2.481192
20.120365 2.482260
20.130365 2.483327
20.140366 2.484392
20.150366 2.485456
20.160366 2.486518
20.170366 2.487579
20.180367 2.488638
20.190367 2.489696
20.200367 2.490753
20.210367 2.491808
20.220367 2.492861
20.230368 2.493913
20.240368 2.494964
20.250368 2.496013
20.260368 2.497061
20.270369 2.498107
20.280369 2.499152
20.290369 2.500195
20.300369 2.501237
20.310369 2.502278
20.320370 2.503317
20.330370 2.504354
20.340370 2.505390
20.350370 2.506425
20.360371 2.507458
20.370371 2.508490
20.380371 2.509520
20.390371 2.510549
20.400372 2.511576
20.410372 2.512602
20.420372 2.513627
20.430372 2.514650
20.440372 2.515671
20.450373 2.516691
20.460373 2.517710
20.470373 2.518727
20.480373 2.519743
20.490374 2.520758
20.500374 2.521771
20.510374 2.522782
20.520374 2.523792
20.530375 2.524801
20.540375 2.525808
20.550375 2.526814
20.560375 2.527818
20.570375 2.528821
20.580376 2.529823
20.590376 2.530823
20.600376 2.531821
20.610376 2.532819
20.620377 2.533814
20.630377 2.534809
20.640377 2.535802
20.650377 2.536793
20.660378 2.537783
20.670378 2.538772
20.680378 2.539759
20.690378 2.540745
20.700378 2.541730
20.710379 2.542713
20.720379 2.543694
20.730379 2.544674
20.740379 2.545653
20.750380 2.546631
20.760380 2.547607
20.770380 2.548581
20.780380 2.549554
20.790380 2.550526
20.800381 2.551496
20.810381 2.552465
20.820381 2.553433
20.830381 2.554399
20.840382 2.555364
20.850382 2.556327
20.860382 2.557289
20.870382 2.558250
20.880383 2.559209
20.890383 2.560166
20.900383 2.561123
20.910383 2.562078
20.920383 2.563031
20.930384 2.563983
20.940384 2.564934
20.950384 2.565884
20.960384 2.566832
20.970385 2.567778
20.980385 2.568724
20.990385 2.569667
21.000385 2.570610
21.010386 2.571551
21.020386 2.572491
21.030386 2.573429
21.040386 2.574366
21.050386 2.575302
21.060387 2.576236
21.070387 2.577169
21.080387 2.578100
21.090387 2.579030
21.100388 2.579959
21.110388 2.580886
21.120388 2.581812
21.130388 2.582737
21.140388 2.583660
21.150389 2.584582
21.160389 2.585503
21.170389 2.586422
21.180389 2.587340
21.190390 2.588256
21.200390 2.589171
21.210390 2.590085
21.220390 2.590997
21.230391 2.591908
21.240391 2.592818
21.250391 2.593726
21.260391 2.594633
21.270391 2.595539
21.280392 2.596443
21.290392 2.597346
21.300392 2.598248
21.310392 2.599148
21.320393 2.600047
21.330393 2.600944
21.340393 2.601841
21.350393 2.602736
21.360394 2.603629
21.370394 2.604521
21.380394 2.605412
21.390394 2.606302
21.400394 2.607190
21.410395 2.608077
21.420395 2.608962
21.430395 2.609847
21.440395 2.610729
21.450396 2.611611
21.460396 2.612491
21.470396 2.613370
21.480396 2.614248
21.490396 2.615124
21.500397 2.615999
21.510397 2.616873
21.520397 2.617745
21.530397 2.618616
21.540398 2.619486
21.550398 2.620354
21.560398 2.621221
21.570398 2.622087
21.580399 2.622951
21.590399 2.623814
21.600399 2.624676
21.610399 2.625537
21.620399 2.626396
21.630400 2.627254
21.640400 2.628111
21.650400 2.628966
21.660400 2.629820
21.670401 2.630673
21.680401 2.631524
21.690401 2.632374
21.700401 2.633223
21.710402 2.634071
21.720402 2.634917
21.730402 2.635762
21.740402 2.636606
21.750402 2.637448
21.760403 2.638289
21.770403 2.639129
21.780403 2.639967
21.790403 2.640805
21.800404 2.641641
21.810404 2.642475
21.820404 2.643309
21.830404 2.644141
21.840405 2.644972
21.850405 2.645802
21.860405 2.646630
21.870405 2.647457
21.880405 2.648283
21.890406 2.649107
21.900406 2.649931
21.910406 2.650753
21.920406 2.651574
21.930407 2.652393
21.940407 2.653211
21.950407 2.654028
21.960407 2.654844
21.970407 2.655658
21.980408 2.656472
21.990408 2.657284
22.000408 2.658094
22.010408 2.658904
22.020409 2.659712
22.030409 2.660519
22.040409 2.661325
22.050409 2.662129
22.060410 2.662932
22.070410 2.663734
22.080410 2.664535
22.090410 2.665335
22.100410 2.666133
22.110411 2.666930
22.120411 2.667726
22.130411 2.668520
22.140411 2.669314
22.150412 2.670106
22.160412 2.670897
22.170412 2.671686
22.180412 2.672475
22.190413 2.673262
22.200413 2.674048
22.210413 2.674833
22.220413 2.675616
22.230413 2.676399
22.240414 2.677180
22.250414 2.677960
22.260414 2.678738
22.270414 2.679516
22.280415 2.680292
22.290415 2.681067
22.300415 2.681841
22.310415 2.682613
22.320415 2.683385
22.330416 2.684155
22.340416 2.684924
22.350416 2.685692
22.360416 2.686458
22.370417 2.687224
22.380417 2.687988
22.390417 2.688751
22.400417 2.689513
22.410418 2.690274
22.420418 2.691033
22.430418 2.691791
22.440418 2.692548
22.450418 2.693304
22.460419 2.694059
22.470419 2.694812
22.480419 2.695565
22.490419 2.696316
22.500420 2.697066
22.510420 2.697815
22.520420 2.698562
22.530420 2.699309
22.540421 2.700054
22.550421 2.700798
22.560421 2.701541
22.570421 2.702282
22.580421 2.703023
22.590422 2.703762
22.600422 2.704501
22.610422 2.705238
22.620422 2.705974
22.630423 2.706708
22.640423 2.707442
22.650423 2.708174
22.660423 2.708906
22.670424 2.709636
22.680424 2.710365
22.690424 2.711092
22.700424 2.711819
22.710424 2.712545
22.720425 2.713269
22.730425 2.713992
22.740425 2.714714
22.750425 2.715435
22.760426 2.716155
22.770426 2.716873
22.780426 2.717591
22.790426 2.718307
22.800426 2.719023
22.810427 2.719737
22.820427 2.720450
22.830427 2.721161
22.840427 2.721872
22.850428 2.722582
22.860428 2.723290
22.870428 2.723997
22.880428 2.724703
22.890429 2.725408
22.900429 2.726112
22.910429 2.726815
22.920429 2.727517
22.930429 2.728217
22.940430 2.728917
22.950430 2.729615
22.960430 2.730312
22.970430 2.731008
22.980431 2.731703
22.990431 2.732397
23.000431 2.733090
23.010431 2.733782
23.020432 2.734472
23.030432 2.735162
23.040432 2.735850
23.050432 2.736537
23.060432 2.737223
23.070433 2.737909
23.080433 2.738592
23.090433 2.739275
23.100433 2.739957
23.110434 2.740638
23.120434 2.741317
23.130434 2.741996
23.140434 2.742673
23.150434 2.743350
23.160435 2.744025
23.170435 2.744699
23.180435 2.745372
23.190435 2.746044
23.200436 2.746715
23.210436 2.747385
23.220436 2.748053
23.230436 2.748721
23.240437 2.749388
23.250437 2.750053
23.260437 2.750718
23.270437 2.751381
23.280437 2.752043
23.290438 2.752705
23.300438 2.753365
23.310438 2.754024
23.320438 2.754682
23.330439 2.755339
23.340439 2.755995
23.350439 2.756650
23.360439 2.757304
23.370440 2.757956
23.380440 2.758608
23.390440 2.759259
23.400440 2.759908
23.410440 2.760557
23.420441 2.761204
23.430441 2.761851
23.440441 2.762496
23.450441 2.763141
23.460442 2.763784
23.470442 2.764426
23.480442 2.765067
23.490442 2.765708
23.500443 2.766347
23.510443 2.766985
23.520443 2.767622
23.530443 2.768258
23.540443 2.768893
23.550444 2.769527
23.560444 2.770160
23.570444 2.770792
23.580444 2.771423
23.590445 2.772053
23.600445 2.772682
23.610445 2.773310
23.620445 2.773937
23.630445 2.774562
23.640446 2.775187
23.650446 2.775811
23.660446 2.776434
23.670446 2.777056
23.680447 2.777676
23.690447 2.778296
23.700447 2.778915
23.710447 2.779533
23.720448 2.780149
23.730448 2.780765
23.740448 2.781380
23.750448 2.781993
23.760448 2.782606
23.770449 2.783218
23.780449 2.783829
23.790449 2.784438
23.800449 2.785047
23.810450 2.785655
23.820450 2.786261
23.830450 2.786867
23.840450 2.787472
23.850451 2.788076
23.860451 2.788678
23.870451 2.789280
23.880451 2.789881
23.890451 2.790481
23.900452 2.791080
23.910452 2.791678
23.920452 2.792275
23.930452 2.792870
23.940453 2.793465
23.950453 2.794059
23.960453 2.794652
23.970453 2.795244
23.980453 2.795835
23.990454 2.796426
24.000454 2.797015
24.010454 2.797603
24.020454 2.798190
24.030455 2.798776
24.040455 2.799362
24.050455 2.799946
24.060455 2.800529
24.070456 2.801112
24.080456 2.801693
24.090456 2.802274
24.100456 2.802853
24.110456 2.803432
24.120457 2.804009
24.130457 2.804586
24.140457 2.805162
24.150457 2.805736
24.160458 2.806310
24.170458 2.806883
24.180458 2.807455
24.190458 2.808026
24.200459 2.808596
24.210459 2.809165
24.220459 2.809734
24.230459 2.810301
24.240459 2.810867
24.250460 2.811433
24.260460 2.811997
24.270460 2.812561
24.280460 2.813123
24.290461 2.813685
24.300461 2.814246
24.310461 2.814805
24.320461 2.815364
24.330462 2.815922
24.340462 2.816479
24.350462 2.817036
24.360462 2.817591
24.370462 2.818145
24.380463 2.818699
24.390463 2.819251
24.400463 2.819803
24.410463 2.820353
24.420464 2.820903
24.430464 2.821452
24.440464 2.822000
24.450464 2.822547
24.460464 2.823093
24.470465 2.823638
24.480465 2.824182
24.490465 2.824726
24.500465 2.825268
24.510466 2.825810
24.520466 2.826351
24.530466 2.826891
24.540466 2.827430
24.550467 2.827968
24.560467 2.828505
24.570467 2.829041
24.580467 2.829576
24.590467 2.830111
24.600468 2.830644
24.610468 2.831177
24.620468 2.831709
24.630468 2.832240
24.640469 2.832770
24.650469 2.833299
24.660469 2.833828
24.670469 2.834355
24.680470 2.834882
24.690470 2.835407
24.700470 2.835932
24.710470 2.836456
24.720470 2.836979
24.730471 2.837501
24.740471 2.838023
24.750471 2.838543
24.760471 2.839063
24.770472 2.839581
24.780472 2.840099
24.790472 2.840616
24.800472 2.841133
24.810472 2.841648
24.820473 2.842162
24.830473 2.842676
24.840473 2.843189
24.850473 2.843700
24.860474 2.844211
24.870474 2.844722
24.880474 2.845231
24.890474 2.845739
24.900475 2.846247
24.910475 2.846754
24.920475 2.847260
24.930475 2.847765
24.940475 2.848269
24.950476 2.848773
24.960476 2.849275
24.970476 2.849777
24.980476 2.850278
24.990477 2.850778
25.000477 2.851277
25.010477 2.851776
25.020477 2.852273
25.030478 2.852770
25.040478 2.853266
25.050478 2.853761
25.060478 2.854255
25.070478 2.854749
25.080479 2.855241
25.090479 2.855733
25.100479 2.856224
25.110479 2.856714
25.120480 2.857203
25.130480 2.857692
25.140480 2.858180
25.150480 2.858666
25.160480 2.859153
25.170481 2.859638
25.180481 2.860122
25.190481 2.860606
25.200481 2.861089
25.210482 2.861571
25.220482 2.862052
25.230482 2.862532
25.240482 2.863012
25.250483 2.863491
25.260483 2.863969
25.270483 2.864446
25.280483 2.864922
25.290483 2.865398
25.300484 2.865873
25.310484 2.866347
25.320484 2.866820
25.330484 2.867292
25.340485 2.867764
25.350485 2.868235
25.360485 2.868705
25.370485 2.869174
25.380486 2.869642
25.390486 2.870110
25.400486 2.870577
25.410486 2.871043
25.420486 2.871508
25.430487 2.871973
25.440487 2.872437
25.450487 2.872900
25.460487 2.873362
25.470488 2.873823
25.480488 2.874284
25.490488 2.874744
25.500488 2.875203
25.510489 2.875661
25.520489 2.876119
25.530489 2.876576
25.540489 2.877032
25.550489 2.877487
25.560490 2.877942
25.570490 2.878395
25.580490 2.878848
25.590490 2.879301
25.600491 2.879752
25.610491 2.880203
25.620491 2.880653
25.630491 2.881102
25.640491 2.881550
25.650492 2.881998
25.660492 2.882445
25.670492 2.882891
25.680492 2.883337
25.690493 2.883781
25.700493 2.884225
25.710493 2.884668
25.720493 2.885111
25.730494 2.885552
25.740494 2.885993
25.750494 2.886434
25.760494 2.886873
25.770494 2.887312
25.780495 2.887750
25.790495 2.888187
25.800495 2.888623
25.810495 2.889059
25.820496 2.889494
25.830496 2.889929
25.840496 2.890362
25.850496 2.890795
25.860497 2.891227
25.870497 2.891658
25.880497 2.892089
25.890497 2.892519
25.900497 2.892948
25.910498 2.893377
25.920498 2.893804
25.930498 2.894231
25.940498 2.894658
25.950499 2.895083
25.960499 2.895508
25.970499 2.895932
25.980499 2.896356
25.990499 2.896778
26.000500 2.897200
26.010500 2.897622
26.020500 2.898042
26.030500 2.898462
26.040501 2.898881
26.050501 2.899300
26.060501 2.899718
26.070501 2.900135
26.080502 2.900551
26.090502 2.900966
26.100502 2.901381
26.110502 2.901796
26.120502 2.902209
26.130503 2.902622
26.140503 2.903034
26.150503 2.903446
26.160503 2.903856
26.170504 2.904266
26.180504 2.904676
26.190504 2.905084
26.200504 2.905492
26.210505 2.905900
26.220505 2.906306
26.230505 2.906712
26.240505 2.907117
26.250505 2.907522
26.260506 2.907926
26.270506 2.908329
26.280506 2.908731
26.290506 2.909133
26.300507 2.909534
26.310507 2.909934
26.320507 2.910334
26.330507 2.910733
26.340508 2.911132
26.350508 2.911529
26.360508 2.911926
26.370508 2.912323
26.380508 2.912718
26.390509 2.913113
26.400509 2.913508
26.410509 2.913901
26.420509 2.914295
26.430510 2.914687
26.440510 2.915079
26.450510 2.915470
26.460510 2.915860
26.470510 2.916250
26.480511 2.916639
26.490511 2.917027
26.500511 2.917415
26.510511 2.917802
26.520512 2.918188
26.530512 2.918574
26.540512 2.918959
26.550512 2.919343
26.560513 2.919727
26.570513 2.920110
26.580513 2.920493
26.590513 2.920875
26.600513 2.921256
26.610514 2.921636
26.620514 2.922016
26.630514 2.922395
26.640514 2.922774
26.650515 2.923152
26.660515 2.923529
26.670515 2.923906
26.680515 2.924282
26.690516 2.924657
26.700516 2.925032
26.710516 2.925406
26.720516 2.925780
26.730516 2.926153
26.740517 2.926525
26.750517 2.926896
26.760517 2.927267
26.770517 2.927638
26.780518 2.928007
26.790518 2.928376
26.800518 2.928745
26.810518 2.929113
26.820518 2.929480
26.830519 2.929846
26.840519 2.930212
26.850519 2.930577
26.860519 2.930942
26.870520 2.931306
26.880520 2.931670
26.890520 2.932032
26.900520 2.932395
26.910521 2.932756
26.920521 2.933117
26.930521 2.933478
26.940521 2.933837
26.950521 2.934196
26.960522 2.934555
26.970522 2.934913
26.980522 2.935270
26.990522 2.935627
27.000523 2.935983
27.010523 2.936338
27.020523 2.936693
27.030523 2.937047
27.040524 2.937401
27.050524 2.937754
27.060524 2.938107
27.070524 2.938458
27.080524 2.938810
27.090525 2.939160
27.100525 2.939510
27.110525 2.939860
27.120525 2.940209
27.130526 2.940557
27.140526 2.940905
27.150526 2.941252
27.160526 2.941598
27.170527 2.941944
27.180527 2.942289
27.190527 2.942634
27.200527 2.942978
27.210527 2.943322
27.220528 2.943665
27.230528 2.944007
27.240528 2.944349
27.250528 2.944690
27.260529 2.945031
27.270529 2.945371
27.280529 2.945710
27.290529 2.946049
27.300529 2.946387
27.310530 2.946725
27.320530 2.947062
27.330530 2.947399
27.340530 2.947735
27.350531 2.948070
27.360531 2.948405
27.370531 2.948739
27.380531 2.949073
27.390532 2.949406
27.400532 2.949739
27.410532 2.950071
27.420532 2.950402
27.430532 2.950733
27.440533 2.951063
27.450533 2.951393
27.460533 2.951722
27.470533 2.952051
27.480534 2.952379
27.490534 2.952706
27.500534 2.953033
27.510534 2.953359
27.520535 2.953685
27.530535 2.954010
27.540535 2.954335
27.550535 2.954659
27.560535 2.954983
27.570536 2.955306
27.580536 2.955628
27.590536 2.955950
27.600536 2.956272
27.610537 2.956592
27.620537 2.956913
27.630537 2.957232
27.640537 2.957552
27.650537 2.957870
27.660538 2.958188
27.670538 2.958506
27.680538 2.958823
27.690538 2.959139
27.700539 2.959455
27.710539 2.959771
27.720539 2.960085
27.730539 2.960400
27.740540 2.960713
27.750540 2.961027
27.760540 2.961339
27.770540 2.961651
27.780540 2.961963
27.790541 2.962274
27.800541 2.962585
27.810541 2.962895
27.820541 2.963204
27.830542 2.963513
27.840542 2.963822
27.850542 2.964129
27.860542 2.964437
27.870543 2.964744
27.880543 2.965050
27.890543 2.965356
27.900543 2.965661
27.910543 2.965966
27.920544 2.966270
27.930544 2.966574
27.940544 2.966877
