-0.174108 -0.000000 0.984727
-0.174381 -0.003039 0.984674
-0.174601 -0.006088 0.984621
-0.174768 -0.009145 0.984567
-0.174881 -0.012210 0.984514
-0.174942 -0.015281 0.984460
-0.174949 -0.018359 0.984406
-0.174902 -0.021441 0.984352
-0.174802 -0.024528 0.984298
-0.174647 -0.027617 0.984244
-0.174438 -0.030709 0.984189
-0.174175 -0.033801 0.984134
-0.173858 -0.036895 0.984079
-0.173486 -0.039987 0.984024
-0.173059 -0.043078 0.983969
-0.172578 -0.046166 0.983913
-0.172042 -0.049250 0.983858
-0.171451 -0.052330 0.983802
-0.170806 -0.055405 0.983746
-0.170106 -0.058473 0.983689
-0.169351 -0.061533 0.983633
-0.168542 -0.064585 0.983576
-0.167678 -0.067628 0.983519
-0.166760 -0.070661 0.983462
-0.165787 -0.073682 0.983405
-0.164760 -0.076691 0.983348
-0.163679 -0.079686 0.983290
-0.162544 -0.082668 0.983232
-0.161355 -0.085634 0.983174
-0.160112 -0.088585 0.983116
-0.158816 -0.091518 0.983057
-0.157467 -0.094433 0.982999
-0.156065 -0.097329 0.982940
-0.154610 -0.100205 0.982881
-0.153102 -0.103060 0.982822
-0.151542 -0.105894 0.982762
-0.149931 -0.108704 0.982703
-0.148267 -0.111491 0.982643
-0.146553 -0.114253 0.982583
-0.144788 -0.116989 0.982522
-0.142972 -0.119699 0.982462
-0.141106 -0.122382 0.982401
-0.139190 -0.125036 0.982340
-0.137225 -0.127660 0.982279
-0.135210 -0.130255 0.982218
-0.133148 -0.132818 0.982156
-0.131038 -0.135350 0.982095
-0.128880 -0.137848 0.982033
-0.126675 -0.140313 0.981970
-0.124423 -0.142743 0.981908
-0.122126 -0.145137 0.981845
-0.119783 -0.147495 0.981783
-0.117395 -0.149816 0.981720
-0.114963 -0.152099 0.981656
-0.112488 -0.154343 0.981593
-0.109969 -0.156547 0.981529
-0.107408 -0.158711 0.981465
-0.104806 -0.160833 0.981401
-0.102162 -0.162913 0.981337
-0.099478 -0.164951 0.981272
-0.096754 -0.166944 0.981208
-0.093990 -0.168893 0.981143
-0.091189 -0.170797 0.981077
-0.088350 -0.172655 0.981012
-0.085474 -0.174466 0.980946
-0.082562 -0.176230 0.980880
-0.079615 -0.177946 0.980814
-0.076633 -0.179613 0.980748
-0.073617 -0.181230 0.980681
-0.070568 -0.182798 0.980615
-0.067488 -0.184314 0.980548
-0.064376 -0.185779 0.980480
-0.061233 -0.187193 0.980413
-0.058061 -0.188553 0.980345
-0.054861 -0.189860 0.980277
-0.051632 -0.191113 0.980209
-0.048377 -0.192312 0.980141
-0.045095 -0.193456 0.980072
-0.041789 -0.194544 0.980003
-0.038458 -0.195577 0.979934
-0.035104 -0.196553 0.979865
-0.031728 -0.197471 0.979795
-0.028331 -0.198333 0.979725
-0.024913 -0.199136 0.979655
-0.021476 -0.199881 0.979585
-0.018021 -0.200566 0.979514
-0.014548 -0.201193 0.979444
-0.011059 -0.201760 0.979373
-0.007554 -0.202267 0.979301
-0.004036 -0.202714 0.979230
-0.000504 -0.203099 0.979158
0.003041 -0.203424 0.979086
0.006596 -0.203687 0.979014
0.010162 -0.203889 0.978941
0.013736 -0.204029 0.978869
0.017319 -0.204106 0.978796
0.020908 -0.204121 0.978722
0.024504 -0.204074 0.978649
0.028104 -0.203963 0.978575
0.031708 -0.203790 0.978501
0.035314 -0.203553 0.978427
0.038922 -0.203253 0.978352
0.042530 -0.202890 0.978278
0.046137 -0.202463 0.978203
0.049743 -0.201972 0.978127
0.053346 -0.201418 0.978052
0.056944 -0.200799 0.977976
0.060538 -0.200117 0.977900
0.064125 -0.199372 0.977824
0.067704 -0.198562 0.977747
0.071275 -0.197689 0.977670
0.074836 -0.196752 0.977593
0.078387 -0.195751 0.977516
0.081925 -0.194687 0.977438
0.085451 -0.193559 0.977360
0.088962 -0.192368 0.977282
0.092458 -0.191114 0.977204
0.095937 -0.189797 0.977125
0.099399 -0.188417 0.977046
0.102842 -0.186974 0.976967
0.106265 -0.185469 0.976887
0.109667 -0.183902 0.976808
0.113047 -0.182273 0.976728
0.116404 -0.180583 0.976647
0.119736 -0.178831 0.976567
0.123043 -0.177019 0.976486
0.126324 -0.175145 0.976405
0.129577 -0.173212 0.976323
0.132801 -0.171219 0.976242
0.135996 -0.169166 0.976160
0.139159 -0.167055 0.976078
0.142291 -0.164885 0.975995
0.145389 -0.162657 0.975912
0.148454 -0.160371 0.975829
0.151483 -0.158029 0.975746
0.154476 -0.155630 0.975662
0.157432 -0.153174 0.975578
0.160349 -0.150664 0.975494
0.163228 -0.148098 0.975409
0.166065 -0.145479 0.975325
0.168862 -0.142805 0.975240
0.171616 -0.140079 0.975154
0.174327 -0.137301 0.975069
0.176993 -0.134470 0.974983
0.179614 -0.131589 0.974896
0.182189 -0.128658 0.974810
0.184717 -0.125677 0.974723
0.187197 -0.122648 0.974636
0.189627 -0.119570 0.974548
0.192007 -0.116445 0.974461
0.194337 -0.113274 0.974373
0.196615 -0.110057 0.974284
0.198840 -0.106796 0.974196
0.201012 -0.103490 0.974107
0.203129 -0.100142 0.974018
0.205191 -0.096751 0.973928
0.207197 -0.093319 0.973838
0.209146 -0.089847 0.973748
0.211038 -0.086335 0.973658
0.212871 -0.082785 0.973567
0.214645 -0.079198 0.973476
0.216359 -0.075574 0.973384
0.218013 -0.071914 0.973293
0.219605 -0.068220 0.973201
0.221135 -0.064492 0.973109
0.222602 -0.060732 0.973016
0.224006 -0.056940 0.972923
0.225346 -0.053118 0.972830
0.226621 -0.049267 0.972736
0.227831 -0.045388 0.972642
0.228975 -0.041481 0.972548
0.230053 -0.037549 0.972454
0.231063 -0.033591 0.972359
0.232006 -0.029610 0.972264
0.232881 -0.025606 0.972168
0.233688 -0.021581 0.972072
0.234425 -0.017535 0.971976
0.235093 -0.013471 0.971880
0.235690 -0.009388 0.971783
0.236218 -0.005289 0.971686
0.236675 -0.001174 0.971588
0.237060 0.002956 0.971491
0.237374 0.007098 0.971392
0.237616 0.011252 0.971294
0.237786 0.015417 0.971195
0.237884 0.019591 0.971096
0.237908 0.023773 0.970997
0.237860 0.027962 0.970897
0.237739 0.032157 0.970797
0.237544 0.036356 0.970696
0.237275 0.040559 0.970595
0.236933 0.044763 0.970494
0.236516 0.048967 0.970393
0.236026 0.053171 0.970291
0.235461 0.057372 0.970189
0.234823 0.061570 0.970086
0.234110 0.065764 0.969983
0.233322 0.069951 0.969880
0.232460 0.074131 0.969777
0.231524 0.078303 0.969673
0.230514 0.082465 0.969568
0.229429 0.086615 0.969464
0.228270 0.090753 0.969359
0.227037 0.094877 0.969254
0.225731 0.098985 0.969148
0.224350 0.103078 0.969042
0.222896 0.107152 0.968935
0.221369 0.111207 0.968829
0.219768 0.115242 0.968722
0.218094 0.119255 0.968614
0.216348 0.123245 0.968506
0.214529 0.127211 0.968398
0.212639 0.131151 0.968289
0.210676 0.135064 0.968180
0.208642 0.138948 0.968071
0.206538 0.142804 0.967961
0.204362 0.146628 0.967851
0.202117 0.150420 0.967741
0.199802 0.154179 0.967630
0.197418 0.157903 0.967519
0.194965 0.161591 0.967407
0.192443 0.165242 0.967295
0.189855 0.168855 0.967183
0.187199 0.172428 0.967070
0.184476 0.175960 0.966957
0.181688 0.179450 0.966844
0.178835 0.182896 0.966730
0.175917 0.186298 0.966616
0.172935 0.189654 0.966501
0.169890 0.192963 0.966386
0.166782 0.196225 0.966271
0.163613 0.199436 0.966155
0.160383 0.202598 0.966039
0.157092 0.205708 0.965923
0.153743 0.208765 0.965806
0.150334 0.211768 0.965688
0.146868 0.214717 0.965571
0.143346 0.217609 0.965452
0.139767 0.220444 0.965334
0.136133 0.223221 0.965215
0.132446 0.225939 0.965096
0.128705 0.228597 0.964976
0.124912 0.231193 0.964856
0.121068 0.233727 0.964735
0.117174 0.236198 0.964614
0.113230 0.238605 0.964493
0.109239 0.240946 0.964371
0.105200 0.243221 0.964249
0.101116 0.245430 0.964126
0.096987 0.247570 0.964003
0.092814 0.249641 0.963880
0.088599 0.251643 0.963756
0.084342 0.253574 0.963632
0.080045 0.255434 0.963507
0.075709 0.257221 0.963382
0.071335 0.258936 0.963257
0.066924 0.260576 0.963131
0.062479 0.262142 0.963005
0.057999 0.263633 0.962878
0.053486 0.265048 0.962751
0.048941 0.266387 0.962623
0.044366 0.267647 0.962495
0.039762 0.268830 0.962366
0.035131 0.269935 0.962238
0.030473 0.270960 0.962108
0.025790 0.271905 0.961978
0.021084 0.272770 0.961848
0.016355 0.273554 0.961718
0.011605 0.274257 0.961586
0.006836 0.274877 0.961455
0.002049 0.275416 0.961323
-0.002755 0.275871 0.961191
-0.007575 0.276244 0.961058
-0.012408 0.276533 0.960924
-0.017253 0.276737 0.960791
-0.022110 0.276858 0.960656
-0.026976 0.276894 0.960522
-0.031850 0.276845 0.960387
-0.036730 0.276710 0.960251
-0.041616 0.276490 0.960115
-0.046505 0.276185 0.959979
-0.051396 0.275794 0.959842
-0.056288 0.275316 0.959704
-0.061179 0.274753 0.959567
-0.066068 0.274103 0.959428
-0.070953 0.273367 0.959290
-0.075832 0.272544 0.959150
-0.080704 0.271635 0.959011
-0.085568 0.270639 0.958870
-0.090422 0.269557 0.958730
-0.095264 0.268389 0.958589
-0.100093 0.267134 0.958447
-0.104908 0.265792 0.958305
-0.109706 0.264365 0.958163
-0.114487 0.262852 0.958020
-0.119249 0.261253 0.957876
-0.123990 0.259568 0.957732
-0.128709 0.257798 0.957588
-0.133404 0.255943 0.957443
-0.138073 0.254003 0.957297
-0.142716 0.251978 0.957152
-0.147331 0.249870 0.957005
-0.151915 0.247677 0.956858
-0.156469 0.245401 0.956711
-0.160989 0.243042 0.956563
-0.165475 0.240601 0.956415
-0.169926 0.238077 0.956266
-0.174338 0.235472 0.956117
-0.178713 0.232786 0.955967
-0.183046 0.230020 0.955816
-0.187338 0.227173 0.955666
-0.191587 0.224248 0.955514
-0.195791 0.221243 0.955362
-0.199949 0.218161 0.955210
-0.204060 0.215001 0.955057
-0.208121 0.211765 0.954904
-0.212132 0.208453 0.954750
-0.216091 0.205066 0.954596
-0.219997 0.201604 0.954441
-0.223849 0.198069 0.954285
-0.227644 0.194462 0.954129
-0.231383 0.190783 0.953973
-0.235062 0.187032 0.953816
-0.238682 0.183212 0.953658
-0.242240 0.179323 0.953500
-0.245736 0.175366 0.953342
-0.249168 0.171342 0.953183
-0.252535 0.167252 0.953023
-0.255836 0.163097 0.952863
-0.259068 0.158878 0.952702
-0.262232 0.154596 0.952541
-0.265326 0.150252 0.952379
-0.268349 0.145848 0.952217
-0.271300 0.141384 0.952054
-0.274176 0.136862 0.951891
-0.276979 0.132283 0.951727
-0.279705 0.127648 0.951562
-0.282355 0.122959 0.951397
-0.284926 0.118216 0.951232
-0.287419 0.113421 0.951066
-0.289831 0.108575 0.950899
-0.292163 0.103680 0.950732
-0.294413 0.098737 0.950564
-0.296579 0.093747 0.950396
-0.298662 0.088712 0.950227
-0.300660 0.083632 0.950058
-0.302572 0.078510 0.949888
-0.304397 0.073348 0.949717
-0.306135 0.068145 0.949546
-0.307785 0.062904 0.949374
-0.309346 0.057627 0.949202
-0.310817 0.052314 0.949029
-0.312197 0.046968 0.948856
-0.313486 0.041590 0.948682
-0.314682 0.036181 0.948507
-0.315787 0.030743 0.948332
-0.316797 0.025277 0.948156
-0.317714 0.019786 0.947980
-0.318536 0.014270 0.947803
-0.319264 0.008732 0.947626
-0.319895 0.003173 0.947448
-0.320430 -0.002406 0.947269
-0.320869 -0.008002 0.947090
-0.321210 -0.013614 0.946910
-0.321454 -0.019241 0.946730
-0.321600 -0.024880 0.946549
-0.321648 -0.030531 0.946367
-0.321597 -0.036190 0.946185
-0.321447 -0.041858 0.946002
-0.321198 -0.047531 0.945819
-0.320849 -0.053208 0.945635
-0.320401 -0.058888 0.945450
-0.319853 -0.064568 0.945265
-0.319204 -0.070247 0.945079
-0.318456 -0.075923 0.944892
-0.317607 -0.081595 0.944705
-0.316658 -0.087261 0.944518
-0.315608 -0.092918 0.944329
-0.314458 -0.098565 0.944140
-0.313208 -0.104201 0.943951
-0.311857 -0.109823 0.943761
-0.310406 -0.115430 0.943570
-0.308855 -0.121020 0.943378
-0.307204 -0.126592 0.943186
-0.305453 -0.132142 0.942994
-0.303602 -0.137671 0.942800
-0.301652 -0.143175 0.942606
-0.299603 -0.148654 0.942412
-0.297456 -0.154104 0.942217
-0.295210 -0.159526 0.942021
-0.292865 -0.164916 0.941824
-0.290423 -0.170273 0.941627
-0.287884 -0.175596 0.941429
-0.285248 -0.180882 0.941231
-0.282516 -0.186130 0.941031
-0.279688 -0.191338 0.940832
-0.276765 -0.196504 0.940631
-0.273747 -0.201627 0.940430
-0.270635 -0.206705 0.940228
-0.267430 -0.211736 0.940026
-0.264132 -0.216719 0.939823
-0.260743 -0.221651 0.939619
-0.257262 -0.226531 0.939415
-0.253690 -0.231358 0.939210
-0.250029 -0.236129 0.939004
-0.246279 -0.240844 0.938797
-0.242442 -0.245500 0.938590
-0.238517 -0.250096 0.938383
-0.234506 -0.254630 0.938174
-0.230410 -0.259101 0.937965
-0.226229 -0.263507 0.937755
-0.221966 -0.267846 0.937545
-0.217620 -0.272117 0.937333
-0.213193 -0.276319 0.937121
-0.208687 -0.280449 0.936909
-0.204101 -0.284507 0.936696
-0.199438 -0.288491 0.936482
-0.194698 -0.292399 0.936267
-0.189883 -0.296230 0.936051
-0.184994 -0.299982 0.935835
-0.180032 -0.303655 0.935619
-0.174998 -0.307246 0.935401
-0.169895 -0.310755 0.935183
-0.164722 -0.314180 0.934964
-0.159482 -0.317519 0.934744
-0.154176 -0.320772 0.934524
-0.148806 -0.323937 0.934303
-0.143372 -0.327013 0.934081
-0.137876 -0.329998 0.933858
-0.132320 -0.332891 0.933635
-0.126705 -0.335692 0.933411
-0.121033 -0.338399 0.933187
-0.115306 -0.341011 0.932961
-0.109524 -0.343526 0.932735
-0.103690 -0.345944 0.932508
-0.097805 -0.348264 0.932280
-0.091871 -0.350484 0.932052
-0.085889 -0.352604 0.931823
-0.079861 -0.354622 0.931593
-0.073790 -0.356538 0.931362
-0.067676 -0.358351 0.931131
-0.061521 -0.360059 0.930899
-0.055327 -0.361663 0.930666
-0.049096 -0.363160 0.930432
-0.042830 -0.364551 0.930198
-0.036531 -0.365834 0.929963
-0.030200 -0.367010 0.929727
-0.023838 -0.368076 0.929490
-0.017449 -0.369033 0.929253
-0.011034 -0.369879 0.929014
-0.004595 -0.370614 0.928775
0.001867 -0.371239 0.928536
0.008349 -0.371751 0.928295
0.014849 -0.372150 0.928054
0.021366 -0.372437 0.927812
0.027898 -0.372610 0.927569
0.034442 -0.372669 0.927325
0.040996 -0.372614 0.927081
0.047560 -0.372444 0.926835
0.054129 -0.372159 0.926589
0.060704 -0.371759 0.926342
0.067281 -0.371244 0.926095
0.073859 -0.370612 0.925846
0.080435 -0.369865 0.925597
0.087008 -0.369002 0.925347
0.093575 -0.368023 0.925096
0.100135 -0.366927 0.924844
0.106685 -0.365716 0.924592
0.113224 -0.364388 0.924339
0.119749 -0.362944 0.924085
0.126258 -0.361383 0.923830
0.132749 -0.359707 0.923574
0.139221 -0.357915 0.923317
0.145671 -0.356007 0.923060
0.152096 -0.353983 0.922802
0.158496 -0.351844 0.922542
0.164867 -0.349591 0.922283
0.171209 -0.347222 0.922022
0.177518 -0.344740 0.921760
0.183793 -0.342143 0.921498
0.190032 -0.339433 0.921235
0.196232 -0.336610 0.920970
0.202392 -0.333675 0.920705
0.208510 -0.330627 0.920440
0.214584 -0.327469 0.920173
0.220610 -0.324199 0.919905
0.226589 -0.320820 0.919637
0.232517 -0.317331 0.919368
0.238393 -0.313733 0.919098
0.244214 -0.310028 0.918827
0.249979 -0.306215 0.918555
0.255686 -0.302296 0.918282
0.261332 -0.298272 0.918008
0.266916 -0.294143 0.917734
0.272437 -0.289910 0.917459
0.277891 -0.285575 0.917182
0.283277 -0.281139 0.916905
0.288593 -0.276601 0.916627
0.293838 -0.271965 0.916348
0.299010 -0.267230 0.916069
0.304106 -0.262397 0.915788
0.309124 -0.257469 0.915506
0.314064 -0.252446 0.915224
0.318924 -0.247329 0.914940
0.323701 -0.242120 0.914656
0.328393 -0.236820 0.914371
0.333000 -0.231430 0.914085
0.337519 -0.225952 0.913798
0.341949 -0.220387 0.913510
0.346288 -0.214737 0.913221
0.350535 -0.209002 0.912931
0.354687 -0.203186 0.912641
0.358744 -0.197288 0.912349
0.362703 -0.191311 0.912056
0.366563 -0.185256 0.911763
0.370324 -0.179125 0.911468
0.373982 -0.172919 0.911173
0.377537 -0.166640 0.910877
0.380988 -0.160291 0.910580
0.384332 -0.153872 0.910281
0.387569 -0.147385 0.909982
0.390698 -0.140832 0.909682
0.393716 -0.134216 0.909381
0.396623 -0.127537 0.909079
0.399417 -0.120797 0.908776
0.402097 -0.114000 0.908472
0.404663 -0.107145 0.908167
0.407112 -0.100236 0.907862
0.409444 -0.093275 0.907555
0.411657 -0.086262 0.907247
0.413751 -0.079201 0.906938
0.415725 -0.072094 0.906629
0.417577 -0.064941 0.906318
0.419307 -0.057746 0.906006
0.420913 -0.050511 0.905693
0.422396 -0.043237 0.905380
0.423753 -0.035927 0.905065
0.424984 -0.028582 0.904749
0.426089 -0.021206 0.904433
0.427066 -0.013800 0.904115
0.427915 -0.006367 0.903796
0.428636 0.001092 0.903477
0.429227 0.008575 0.903156
0.429688 0.016078 0.902834
0.430018 0.023600 0.902512
0.430217 0.031138 0.902188
0.430285 0.038691 0.901863
0.430221 0.046255 0.901538
0.430025 0.053829 0.901211
0.429696 0.061410 0.900883
0.429234 0.068997 0.900554
0.428638 0.076586 0.900224
0.427909 0.084175 0.899893
0.427047 0.091762 0.899561
0.426050 0.099345 0.899228
0.424920 0.106921 0.898894
0.423655 0.114488 0.898559
0.422256 0.122044 0.898223
0.420723 0.129586 0.897886
0.419057 0.137111 0.897548
0.417256 0.144619 0.897209
0.415321 0.152105 0.896868
0.413253 0.159568 0.896527
0.411051 0.167005 0.896184
0.408716 0.174414 0.895841
0.406249 0.181793 0.895496
0.403649 0.189139 0.895150
0.400916 0.196450 0.894804
0.398053 0.203724 0.894456
0.395057 0.210957 0.894107
0.391932 0.218149 0.893757
0.388676 0.225295 0.893405
0.385290 0.232395 0.893053
0.381776 0.239446 0.892700
0.378133 0.246445 0.892345
0.374363 0.253390 0.891990
0.370466 0.260279 0.891633
0.366443 0.267109 0.891275
0.362295 0.273879 0.890917
0.358023 0.280586 0.890557
0.353628 0.287227 0.890195
0.349111 0.293800 0.889833
0.344472 0.300304 0.889470
0.339713 0.306736 0.889105
0.334835 0.313093 0.888740
0.329838 0.319374 0.888373
0.324726 0.325577 0.888005
0.319497 0.331698 0.887636
0.314154 0.337737 0.887266
0.308698 0.343691 0.886895
0.303131 0.349557 0.886522
0.297453 0.355335 0.886148
0.291666 0.361021 0.885774
0.285771 0.366614 0.885398
0.279771 0.372111 0.885021
0.273666 0.377511 0.884642
0.267459 0.382812 0.884263
0.261150 0.388012 0.883882
0.254741 0.393108 0.883501
0.248234 0.398099 0.883118
0.241631 0.402984 0.882733
0.234933 0.407760 0.882348
0.228143 0.412425 0.881962
0.221262 0.416978 0.881574
0.214291 0.421417 0.881185
0.207233 0.425740 0.880795
0.200090 0.429946 0.880404
0.192864 0.434032 0.880011
0.185556 0.437998 0.879617
0.178168 0.441841 0.879223
0.170704 0.445561 0.878826
0.163163 0.449155 0.878429
0.155550 0.452622 0.878031
0.147866 0.455960 0.877631
0.140112 0.459169 0.877230
0.132292 0.462247 0.876828
0.124407 0.465192 0.876424
0.116460 0.468003 0.876019
0.108453 0.470679 0.875614
0.100388 0.473219 0.875206
0.092268 0.475621 0.874798
0.084094 0.477884 0.874388
0.075870 0.480008 0.873977
0.067597 0.481990 0.873565
0.059278 0.483831 0.873152
0.050916 0.485528 0.872737
0.042512 0.487081 0.872321
0.034070 0.488490 0.871904
0.025592 0.489753 0.871486
0.017080 0.490869 0.871066
0.008537 0.491838 0.870645
-0.000034 0.492659 0.870222
-0.008632 0.493331 0.869799
-0.017253 0.493853 0.869374
-0.025895 0.494226 0.868948
-0.034555 0.494447 0.868520
-0.043231 0.494518 0.868092
-0.051919 0.494437 0.867662
-0.060619 0.494204 0.867230
-0.069325 0.493818 0.866798
-0.078037 0.493279 0.866364
-0.086752 0.492587 0.865928
-0.095466 0.491742 0.865492
-0.104177 0.490743 0.865054
-0.112882 0.489591 0.864615
-0.121579 0.488285 0.864174
-0.130265 0.486824 0.863732
-0.138937 0.485210 0.863289
-0.147592 0.483442 0.862844
-0.156228 0.481520 0.862398
-0.164842 0.479445 0.861951
-0.173432 0.477215 0.861503
-0.181994 0.474833 0.861053
-0.190526 0.472298 0.860601
-0.199025 0.469610 0.860149
-0.207488 0.466769 0.859695
-0.215913 0.463777 0.859239
-0.224297 0.460633 0.858783
-0.232637 0.457339 0.858325
-0.240931 0.453894 0.857865
-0.249176 0.450299 0.857404
-0.257368 0.446556 0.856942
-0.265506 0.442664 0.856478
-0.273587 0.438624 0.856013
-0.281609 0.434437 0.855547
-0.289567 0.430105 0.855079
-0.297460 0.425628 0.854610
-0.305286 0.421006 0.854140
-0.313041 0.416242 0.853668
-0.320723 0.411335 0.853194
-0.328329 0.406287 0.852719
-0.335858 0.401100 0.852243
-0.343305 0.395774 0.851766
-0.350669 0.390311 0.851287
-0.357947 0.384711 0.850806
-0.365137 0.378977 0.850324
-0.372237 0.373109 0.849841
-0.379243 0.367109 0.849356
-0.386153 0.360979 0.848870
-0.392965 0.354720 0.848382
-0.399676 0.348333 0.847893
-0.406285 0.341820 0.847403
-0.412788 0.335183 0.846911
-0.419184 0.328424 0.846417
-0.425470 0.321544 0.845922
-0.431644 0.314544 0.845426
-0.437704 0.307428 0.844928
-0.443647 0.300196 0.844429
-0.449471 0.292850 0.843928
-0.455174 0.285393 0.843426
-0.460755 0.277826 0.842922
-0.466210 0.270152 0.842417
-0.471538 0.262372 0.841910
-0.476737 0.254488 0.841402
-0.481804 0.246504 0.840893
-0.486739 0.238420 0.840381
-0.491539 0.230239 0.839869
-0.496201 0.221964 0.839355
-0.500725 0.213596 0.838839
-0.505109 0.205138 0.838322
-0.509350 0.196592 0.837803
-0.513447 0.187961 0.837283
-0.517398 0.179247 0.836761
-0.521202 0.170453 0.836238
-0.524857 0.161580 0.835713
-0.528362 0.152632 0.835187
-0.531714 0.143611 0.834659
-0.534913 0.134520 0.834130
-0.537957 0.125360 0.833599
-0.540845 0.116136 0.833066
-0.543574 0.106849 0.832532
-0.546145 0.097503 0.831997
-0.548556 0.088099 0.831460
-0.550805 0.078641 0.830921
-0.552891 0.069131 0.830381
-0.554814 0.059573 0.829839
-0.556572 0.049968 0.829296
-0.558163 0.040321 0.828751
-0.559589 0.030633 0.828204
-0.560846 0.020908 0.827656
-0.561935 0.011148 0.827106
-0.562854 0.001357 0.826555
-0.563603 -0.008463 0.826002
-0.564181 -0.018309 0.825448
-0.564588 -0.028178 0.824892
-0.564822 -0.038066 0.824334
-0.564884 -0.047971 0.823775
-0.564772 -0.057890 0.823214
-0.564486 -0.067819 0.822652
-0.564027 -0.077756 0.822088
-0.563392 -0.087698 0.821522
-0.562583 -0.097641 0.820954
-0.561599 -0.107583 0.820386
-0.560439 -0.117521 0.819815
-0.559104 -0.127450 0.819243
-0.557594 -0.137369 0.818669
-0.555908 -0.147274 0.818093
-0.554046 -0.157162 0.817516
-0.552009 -0.167030 0.816937
-0.549797 -0.176875 0.816357
-0.547409 -0.186694 0.815775
-0.544847 -0.196483 0.815191
-0.542109 -0.206239 0.814606
-0.539198 -0.215961 0.814019
-0.536113 -0.225643 0.813430
-0.532854 -0.235284 0.812840
-0.529422 -0.244879 0.812248
-0.525818 -0.254427 0.811654
-0.522043 -0.263923 0.811058
-0.518096 -0.273366 0.810461
-0.513979 -0.282751 0.809862
-0.509693 -0.292076 0.809262
-0.505238 -0.301337 0.808660
-0.500615 -0.310532 0.808056
-0.495826 -0.319658 0.807450
-0.490870 -0.328711 0.806843
-0.485750 -0.337689 0.806234
-0.480466 -0.346588 0.805623
-0.475020 -0.355406 0.805011
-0.469413 -0.364139 0.804397
-0.463646 -0.372786 0.803781
-0.457720 -0.381341 0.803163
-0.451637 -0.389804 0.802544
-0.445399 -0.398171 0.801923
-0.439006 -0.406439 0.801300
-0.432460 -0.414605 0.800675
-0.425764 -0.422667 0.800049
-0.418917 -0.430621 0.799421
-0.411924 -0.438466 0.798791
-0.404784 -0.446197 0.798159
-0.397499 -0.453813 0.797526
-0.390073 -0.461311 0.796891
-0.382506 -0.468688 0.796254
-0.374801 -0.475942 0.795615
-0.366959 -0.483069 0.794975
-0.358982 -0.490068 0.794333
-0.350874 -0.496936 0.793689
-0.342635 -0.503671 0.793043
-0.334268 -0.510269 0.792396
-0.325775 -0.516729 0.791746
-0.317159 -0.523048 0.791095
-0.308421 -0.529223 0.790442
-0.299565 -0.535254 0.789788
-0.290592 -0.541136 0.789131
-0.281505 -0.546869 0.788473
-0.272307 -0.552449 0.787813
-0.263000 -0.557875 0.787151
-0.253587 -0.563145 0.786487
-0.244070 -0.568256 0.785821
-0.234452 -0.573207 0.785154
-0.224735 -0.577995 0.784485
-0.214923 -0.582619 0.783813
-0.205018 -0.587076 0.783141
-0.195023 -0.591366 0.782466
-0.184941 -0.595485 0.781789
-0.174774 -0.599433 0.781111
-0.164527 -0.603208 0.780430
-0.154200 -0.606807 0.779748
-0.143798 -0.610230 0.779064
-0.133324 -0.613475 0.778378
-0.122781 -0.616540 0.777691
-0.112171 -0.619425 0.777001
-0.101498 -0.622127 0.776310
-0.090764 -0.624645 0.775616
-0.079974 -0.626978 0.774921
-0.069130 -0.629125 0.774224
-0.058236 -0.631084 0.773525
-0.047294 -0.632856 0.772824
-0.036308 -0.634437 0.772121
-0.025282 -0.635828 0.771417
-0.014218 -0.637027 0.770710
-0.003120 -0.638034 0.770002
0.008009 -0.638848 0.769291
0.019165 -0.639468 0.768579
0.030346 -0.639893 0.767865
0.041547 -0.640122 0.767149
0.052765 -0.640156 0.766431
0.063997 -0.639993 0.765711
0.075239 -0.639633 0.764989
0.086488 -0.639076 0.764265
0.097741 -0.638321 0.763540
0.108994 -0.637368 0.762812
0.120243 -0.636217 0.762082
0.131485 -0.634867 0.761351
0.142717 -0.633319 0.760618
0.153934 -0.631572 0.759882
0.165134 -0.629627 0.759145
0.176313 -0.627483 0.758405
0.187468 -0.625141 0.757664
0.198594 -0.622600 0.756921
0.209689 -0.619862 0.756176
0.220749 -0.616926 0.755429
0.231770 -0.613793 0.754680
0.242749 -0.610463 0.753928
0.253682 -0.606937 0.753175
0.264566 -0.603215 0.752420
0.275398 -0.599298 0.751663
0.286173 -0.595187 0.750904
0.296889 -0.590883 0.750143
0.307541 -0.586385 0.749380
0.318127 -0.581696 0.748615
0.328643 -0.576816 0.747848
0.339085 -0.571746 0.747079
0.349451 -0.566487 0.746308
0.359736 -0.561041 0.745535
0.369938 -0.555408 0.744760
0.380052 -0.549590 0.743983
0.390076 -0.543588 0.743204
0.400006 -0.537404 0.742423
0.409839 -0.531039 0.741640
0.419572 -0.524494 0.740855
0.429201 -0.517771 0.740068
0.438723 -0.510871 0.739279
0.448135 -0.503797 0.738487
0.457433 -0.496550 0.737694
0.466615 -0.489132 0.736899
0.475678 -0.481545 0.736101
0.484617 -0.473790 0.735302
0.493431 -0.465870 0.734501
0.502115 -0.457787 0.733697
0.510668 -0.449542 0.732892
0.519086 -0.441138 0.732084
0.527366 -0.432577 0.731274
0.535505 -0.423862 0.730462
0.543501 -0.414994 0.729649
0.551349 -0.405976 0.728833
0.559049 -0.396811 0.728015
0.566596 -0.387500 0.727195
0.573989 -0.378047 0.726373
0.581224 -0.368454 0.725548
0.588299 -0.358723 0.724722
0.595211 -0.348857 0.723894
0.601958 -0.338860 0.723063
0.608537 -0.328733 0.722231
0.614946 -0.318480 0.721396
0.621182 -0.308103 0.720559
0.627243 -0.297606 0.719720
0.633126 -0.286990 0.718879
0.638830 -0.276260 0.718036
0.644352 -0.265418 0.717191
0.649690 -0.254468 0.716344
0.654842 -0.243412 0.715494
0.659806 -0.232254 0.714643
0.664579 -0.220996 0.713789
0.669161 -0.209643 0.712933
0.673548 -0.198197 0.712075
0.677739 -0.186662 0.711215
0.681732 -0.175041 0.710353
0.685527 -0.163337 0.709489
0.689119 -0.151554 0.708622
0.692510 -0.139696 0.707754
0.695696 -0.127765 0.706883
0.698676 -0.115766 0.706010
0.701449 -0.103701 0.705135
0.704013 -0.091575 0.704258
0.706368 -0.079391 0.703378
0.708512 -0.067153 0.702497
0.710443 -0.054864 0.701613
0.712160 -0.042528 0.700727
0.713664 -0.030149 0.699839
0.714952 -0.017731 0.698949
0.716023 -0.005277 0.698057
0.716877 0.007210 0.697162
0.717513 0.019724 0.696266
0.717931 0.032263 0.695367
0.718129 0.044822 0.694466
0.718106 0.057398 0.693562
0.717864 0.069986 0.692657
0.717400 0.082584 0.691749
0.716715 0.095187 0.690839
0.715808 0.107790 0.689927
0.714679 0.120391 0.689013
0.713329 0.132986 0.688097
0.711755 0.145570 0.687178
0.709960 0.158139 0.686257
0.707942 0.170690 0.685334
0.705702 0.183218 0.684409
0.703240 0.195720 0.683482
0.700556 0.208192 0.682552
0.697651 0.220629 0.681620
0.694524 0.233029 0.680686
0.691177 0.245386 0.679750
0.687610 0.257697 0.678811
0.683823 0.269959 0.677871
0.679817 0.282166 0.676928
0.675593 0.294316 0.675982
0.671152 0.306404 0.675035
0.666494 0.318426 0.674085
0.661620 0.330379 0.673134
0.656532 0.342258 0.672179
0.651230 0.354060 0.671223
0.645716 0.365781 0.670264
0.639991 0.377418 0.669304
0.634056 0.388965 0.668341
0.627912 0.400420 0.667375
0.621562 0.411779 0.666408
0.615005 0.423038 0.665438
0.608245 0.434193 0.664466
0.601282 0.445240 0.663491
0.594119 0.456177 0.662515
0.586756 0.466998 0.661536
0.579197 0.477701 0.660555
0.571442 0.488283 0.659572
0.563493 0.498738 0.658586
0.555354 0.509065 0.657598
0.547025 0.519259 0.656608
0.538510 0.529316 0.655615
0.529809 0.539235 0.654621
0.520926 0.549010 0.653624
0.511863 0.558639 0.652625
0.502622 0.568119 0.651623
0.493205 0.577446 0.650619
0.483616 0.586616 0.649613
0.473856 0.595627 0.648605
0.463929 0.604476 0.647594
0.453838 0.613159 0.646581
0.443584 0.621674 0.645566
0.433170 0.630016 0.644549
0.422601 0.638185 0.643529
0.411877 0.646175 0.642507
0.401004 0.653985 0.641482
0.389983 0.661612 0.640456
0.378817 0.669052 0.639427
0.367510 0.676304 0.638395
0.356066 0.683364 0.637362
0.344486 0.690231 0.636326
0.332775 0.696900 0.635288
0.320936 0.703371 0.634248
0.308972 0.709639 0.633205
0.296887 0.715704 0.632160
0.284684 0.721562 0.631112
0.272367 0.727212 0.630063
0.259939 0.732651 0.629011
0.247404 0.737877 0.627957
0.234766 0.742887 0.626900
0.222027 0.747681 0.625841
0.209193 0.752256 0.624780
0.196267 0.756609 0.623716
0.183252 0.760740 0.622650
0.170153 0.764646 0.621582
0.156973 0.768326 0.620512
0.143716 0.771778 0.619439
0.130387 0.775000 0.618364
0.116989 0.777992 0.617287
0.103526 0.780751 0.616207
0.090002 0.783276 0.615125
0.076422 0.785566 0.614040
0.062789 0.787620 0.612954
0.049108 0.789437 0.611865
0.035382 0.791015 0.610773
0.021616 0.792353 0.609680
0.007815 0.793451 0.608584
-0.006019 0.794308 0.607485
-0.019879 0.794923 0.606385
-0.033763 0.795295 0.605282
-0.047666 0.795424 0.604176
-0.061584 0.795308 0.603069
-0.075512 0.794949 0.601959
-0.089446 0.794344 0.600846
-0.103382 0.793495 0.599732
-0.117315 0.792400 0.598615
-0.131242 0.791059 0.597495
-0.145157 0.789473 0.596374
-0.159056 0.787641 0.595250
-0.172936 0.785564 0.594124
-0.186791 0.783241 0.592995
-0.200617 0.780673 0.591864
-0.214411 0.777859 0.590731
-0.228167 0.774802 0.589595
-0.241881 0.771500 0.588457
-0.255550 0.767954 0.587317
-0.269167 0.764166 0.586174
-0.282730 0.760135 0.585029
-0.296234 0.755862 0.583882
-0.309675 0.751349 0.582732
-0.323047 0.746596 0.581580
-0.336348 0.741604 0.580426
-0.349572 0.736374 0.579269
-0.362716 0.730908 0.578110
-0.375775 0.725206 0.576949
-0.388745 0.719270 0.575785
-0.401621 0.713101 0.574619
-0.414400 0.706702 0.573450
-0.427078 0.700072 0.572280
-0.439649 0.693214 0.571107
-0.452111 0.686130 0.569931
-0.464458 0.678821 0.568754
-0.476688 0.671289 0.567574
-0.488795 0.663536 0.566391
-0.500777 0.655564 0.565206
-0.512628 0.647375 0.564019
-0.524345 0.638972 0.562830
-0.535924 0.630355 0.561638
-0.547362 0.621528 0.560444
-0.558653 0.612494 0.559248
-0.569796 0.603253 0.558049
-0.580784 0.593809 0.556848
-0.591617 0.584165 0.555645
-0.602288 0.574323 0.554439
-0.612795 0.564285 0.553231
-0.623134 0.554055 0.552020
-0.633302 0.543635 0.550808
-0.643296 0.533028 0.549593
-0.653110 0.522237 0.548375
-0.662743 0.511265 0.547155
-0.672191 0.500115 0.545933
-0.681451 0.488791 0.544709
-0.690519 0.477295 0.543482
-0.699392 0.465630 0.542253
-0.708068 0.453801 0.541022
-0.716542 0.441810 0.539788
-0.724812 0.429661 0.538552
-0.732876 0.417357 0.537314
-0.740729 0.404902 0.536073
-0.748370 0.392299 0.534830
-0.755796 0.379552 0.533585
-0.763003 0.366666 0.532338
-0.769989 0.353642 0.531088
-0.776752 0.340486 0.529835
-0.783289 0.327201 0.528581
-0.789598 0.313791 0.527324
-0.795675 0.300261 0.526065
-0.801520 0.286613 0.524803
-0.807130 0.272852 0.523540
-0.812501 0.258982 0.522273
-0.817634 0.245008 0.521005
-0.822524 0.230933 0.519734
-0.827171 0.216761 0.518461
-0.831573 0.202498 0.517186
-0.835727 0.188146 0.515908
-0.839632 0.173711 0.514628
-0.843286 0.159197 0.513346
-0.846689 0.144608 0.512062
-0.849837 0.129948 0.510775
-0.852730 0.115222 0.509486
-0.855366 0.100435 0.508194
-0.857745 0.085591 0.506901
-0.859864 0.070694 0.505605
-0.861723 0.055750 0.504306
-0.863321 0.040761 0.503006
-0.864657 0.025735 0.501703
-0.865730 0.010673 0.500398
-0.866539 -0.004417 0.499091
-0.867083 -0.019533 0.497781
-0.867362 -0.034669 0.496469
-0.867375 -0.049820 0.495155
-0.867122 -0.064982 0.493838
-0.866603 -0.080151 0.492520
-0.865816 -0.095321 0.491199
-0.864763 -0.110487 0.489875
-0.863442 -0.125646 0.488550
-0.861854 -0.140792 0.487222
-0.859999 -0.155921 0.485892
-0.857876 -0.171027 0.484560
-0.855487 -0.186106 0.483225
-0.852831 -0.201154 0.481888
-0.849909 -0.216165 0.480549
-0.846721 -0.231135 0.479208
-0.843268 -0.246059 0.477865
-0.839550 -0.260932 0.476519
-0.835568 -0.275750 0.475171
-0.831324 -0.290508 0.473821
-0.826817 -0.305201 0.472468
-0.822049 -0.319825 0.471113
-0.817021 -0.334374 0.469756
-0.811733 -0.348845 0.468397
-0.806188 -0.363232 0.467036
-0.800387 -0.377531 0.465672
-0.794330 -0.391738 0.464307
-0.788020 -0.405847 0.462939
-0.781458 -0.419855 0.461568
-0.774645 -0.433756 0.460196
-0.767584 -0.447547 0.458821
-0.760276 -0.461222 0.457444
-0.752722 -0.474777 0.456065
-0.744926 -0.488209 0.454684
-0.736889 -0.501511 0.453301
-0.728612 -0.514681 0.451915
-0.720100 -0.527714 0.450527
-0.711352 -0.540605 0.449137
-0.702373 -0.553350 0.447745
-0.693164 -0.565946 0.446351
-0.683728 -0.578387 0.444954
-0.674068 -0.590670 0.443556
-0.664185 -0.602791 0.442155
-0.654084 -0.614746 0.440752
-0.643766 -0.626530 0.439347
-0.633235 -0.638140 0.437940
-0.622493 -0.649572 0.436530
-0.611545 -0.660822 0.435119
-0.600391 -0.671886 0.433705
-0.589037 -0.682760 0.432289
-0.577485 -0.693442 0.430871
-0.565738 -0.703927 0.429451
-0.553800 -0.714211 0.428029
-0.541674 -0.724292 0.426604
-0.529363 -0.734165 0.425178
-0.516873 -0.743828 0.423749
-0.504205 -0.753276 0.422318
-0.491363 -0.762507 0.420886
-0.478352 -0.771518 0.419451
-0.465175 -0.780306 0.418014
-0.451836 -0.788866 0.416574
-0.438339 -0.797197 0.415133
-0.424688 -0.805295 0.413690
-0.410887 -0.813158 0.412245
-0.396940 -0.820783 0.410797
-0.382851 -0.828166 0.409347
-0.368625 -0.835306 0.407896
-0.354265 -0.842200 0.406442
-0.339776 -0.848845 0.404986
-0.325163 -0.855239 0.403529
-0.310429 -0.861380 0.402069
-0.295579 -0.867264 0.400607
-0.280617 -0.872891 0.399143
-0.265549 -0.878258 0.397677
-0.250378 -0.883362 0.396209
-0.235110 -0.888203 0.394739
-0.219748 -0.892778 0.393267
-0.204298 -0.897085 0.391793
-0.188764 -0.901122 0.390317
-0.173151 -0.904889 0.388839
-0.157464 -0.908382 0.387359
-0.141707 -0.911602 0.385876
-0.125885 -0.914547 0.384392
-0.110004 -0.917214 0.382906
-0.094067 -0.919604 0.381418
-0.078081 -0.921715 0.379928
-0.062049 -0.923545 0.378436
-0.045977 -0.925095 0.376942
-0.029870 -0.926363 0.375446
-0.013733 -0.927348 0.373948
0.002430 -0.928050 0.372448
0.018613 -0.928468 0.370947
0.034811 -0.928601 0.369443
0.051019 -0.928450 0.367937
0.067232 -0.928014 0.366429
0.083446 -0.927292 0.364920
0.099654 -0.926285 0.363408
0.115853 -0.924992 0.361895
0.132036 -0.923414 0.360380
0.148199 -0.921550 0.358862
0.164337 -0.919401 0.357343
0.180444 -0.916968 0.355822
0.196517 -0.914250 0.354299
0.212548 -0.911248 0.352775
0.228535 -0.907963 0.351248
0.244470 -0.904395 0.349720
0.260350 -0.900545 0.348189
0.276170 -0.896415 0.346657
0.291924 -0.892004 0.345123
0.307607 -0.887314 0.343587
0.323215 -0.882346 0.342049
0.338742 -0.877102 0.340509
0.354183 -0.871582 0.338968
0.369535 -0.865788 0.337425
0.384790 -0.859722 0.335880
0.399946 -0.853384 0.334333
0.414996 -0.846778 0.332784
0.429937 -0.839904 0.331234
0.444763 -0.832764 0.329681
0.459470 -0.825361 0.328127
0.474052 -0.817695 0.326571
0.488505 -0.809771 0.325014
0.502825 -0.801588 0.323454
0.517007 -0.793151 0.321893
0.531046 -0.784460 0.320330
0.544938 -0.775520 0.318766
0.558678 -0.766331 0.317199
0.572262 -0.756897 0.315631
0.585685 -0.747220 0.314061
0.598944 -0.737304 0.312490
0.612032 -0.727150 0.310917
0.624948 -0.716762 0.309342
0.637685 -0.706143 0.307765
0.650240 -0.695297 0.306187
0.662610 -0.684225 0.304607
0.674789 -0.672931 0.303025
0.686774 -0.661419 0.301441
0.698560 -0.649692 0.299856
0.710145 -0.637753 0.298270
0.721524 -0.625607 0.296681
0.732693 -0.613255 0.295091
0.743649 -0.600703 0.293500
0.754388 -0.587954 0.291906
0.764906 -0.575011 0.290311
0.775201 -0.561879 0.288715
0.785268 -0.548561 0.287117
0.795104 -0.535061 0.285517
0.804705 -0.521384 0.283916
0.814070 -0.507533 0.282313
0.823194 -0.493513 0.280708
0.832074 -0.479328 0.279102
0.840707 -0.464982 0.277495
0.849091 -0.450479 0.275886
0.857223 -0.435824 0.274275
0.865099 -0.421022 0.272663
0.872717 -0.406076 0.271049
0.880075 -0.390991 0.269433
0.887169 -0.375773 0.267817
0.893998 -0.360425 0.266198
0.900559 -0.344952 0.264578
0.906850 -0.329358 0.262957
0.912868 -0.313650 0.261334
0.918612 -0.297831 0.259710
0.924079 -0.281906 0.258084
0.929267 -0.265881 0.256457
0.934175 -0.249759 0.254828
0.938801 -0.233547 0.253198
0.943142 -0.217248 0.251567
0.947198 -0.200869 0.249934
0.950967 -0.184414 0.248299
0.954448 -0.167887 0.246663
0.957639 -0.151296 0.245026
0.960538 -0.134643 0.243387
0.963146 -0.117935 0.241747
0.965460 -0.101177 0.240106
0.967479 -0.084374 0.238463
0.969204 -0.067531 0.236819
0.970633 -0.050653 0.235173
0.971765 -0.033746 0.233527
0.972599 -0.016815 0.231878
0.973137 0.000135 0.230229
0.973375 0.017098 0.228578
0.973316 0.034070 0.226926
0.972958 0.051045 0.225272
0.972301 0.068018 0.223617
0.971345 0.084982 0.221961
0.970090 0.101934 0.220304
0.968537 0.118868 0.218645
0.966686 0.135778 0.216985
0.964536 0.152659 0.215324
0.962089 0.169506 0.213662
0.959345 0.186314 0.211998
0.956305 0.203077 0.210333
0.952969 0.219790 0.208667
0.949338 0.236447 0.207000
0.945414 0.253045 0.205332
0.941196 0.269576 0.203662
0.936687 0.286036 0.201991
0.931887 0.302420 0.200319
0.926798 0.318723 0.198646
0.921422 0.334940 0.196971
0.915758 0.351064 0.195296
0.909810 0.367092 0.193619
0.903579 0.383019 0.191941
0.897067 0.398838 0.190262
0.890274 0.414546 0.188582
0.883205 0.430136 0.186901
0.875860 0.445605 0.185219
0.868241 0.460947 0.183535
0.860351 0.476158 0.181851
0.852192 0.491232 0.180166
0.843767 0.506165 0.178479
0.835077 0.520952 0.176791
0.826126 0.535588 0.175103
0.816916 0.550069 0.173413
0.807450 0.564390 0.171723
0.797731 0.578546 0.170031
0.787761 0.592533 0.168338
0.777543 0.606347 0.166644
0.767081 0.619982 0.164950
0.756378 0.633436 0.163254
0.745436 0.646702 0.161557
0.734260 0.659778 0.159860
0.722852 0.672658 0.158161
0.711217 0.685340 0.156462
0.699356 0.697818 0.154762
0.687275 0.710088 0.153060
0.674977 0.722148 0.151358
0.662464 0.733992 0.149655
0.649743 0.745617 0.147951
0.636815 0.757020 0.146246
0.623685 0.768196 0.144540
0.610358 0.779142 0.142834
0.596836 0.789854 0.141126
0.583125 0.800330 0.139418
0.569228 0.810565 0.137709
0.555150 0.820556 0.135999
0.540895 0.830301 0.134288
0.526468 0.839795 0.132577
0.511872 0.849036 0.130864
0.497112 0.858020 0.129151
0.482194 0.866746 0.127437
0.467121 0.875210 0.125723
0.451898 0.883409 0.124007
0.436530 0.891340 0.122291
0.421021 0.899001 0.120574
0.405377 0.906390 0.118857
0.389601 0.913504 0.117138
0.373700 0.920340 0.115419
0.357678 0.926897 0.113700
0.341540 0.933173 0.111979
0.325291 0.939164 0.110258
0.308935 0.944870 0.108536
0.292479 0.950288 0.106814
0.275927 0.955416 0.105091
0.259284 0.960254 0.103367
0.242556 0.964798 0.101643
0.225747 0.969048 0.099918
0.208863 0.973003 0.098193
0.191910 0.976660 0.096467
0.174892 0.980019 0.094740
0.157814 0.983078 0.093013
0.140683 0.985837 0.091285
0.123503 0.988295 0.089557
0.106280 0.990450 0.087828
0.089019 0.992302 0.086099
0.071725 0.993850 0.084369
0.054404 0.995094 0.082638
0.037062 0.996032 0.080907
0.019703 0.996666 0.079176
0.002334 0.996994 0.077444
-0.015041 0.997016 0.075712
-0.032416 0.996733 0.073979
-0.049785 0.996144 0.072246
-0.067144 0.995249 0.070512
-0.084486 0.994048 0.068778
-0.101806 0.992543 0.067043
-0.119099 0.990732 0.065308
-0.136360 0.988617 0.063573
-0.153582 0.986199 0.061837
-0.170762 0.983478 0.060101
-0.187892 0.980454 0.058365
-0.204968 0.977129 0.056628
-0.221985 0.973504 0.054891
-0.238937 0.969579 0.053153
-0.255819 0.965356 0.051415
-0.272625 0.960837 0.049677
-0.289351 0.956022 0.047939
-0.305991 0.950913 0.046200
-0.322539 0.945511 0.044461
-0.338991 0.939819 0.042722
-0.355342 0.933837 0.040982
-0.371586 0.927569 0.039243
-0.387718 0.921015 0.037503
-0.403734 0.914177 0.035762
-0.419627 0.907059 0.034022
-0.435394 0.899661 0.032281
-0.451029 0.891986 0.030540
-0.466528 0.884038 0.028799
-0.481885 0.875817 0.027058
-0.497095 0.867327 0.025317
-0.512154 0.858570 0.023575
-0.527058 0.849549 0.021834
-0.541801 0.840267 0.020092
-0.556379 0.830726 0.018350
-0.570787 0.820930 0.016608
-0.585021 0.810882 0.014866
-0.599076 0.800584 0.013123
-0.612949 0.790041 0.011381
-0.626633 0.779255 0.009639
-0.640126 0.768229 0.007896
-0.653423 0.756968 0.006154
-0.666520 0.745474 0.004411
-0.679413 0.733751 0.002669
-0.692098 0.721803 0.000926
-0.704570 0.709634 -0.000816
-0.716826 0.697247 -0.002559
-0.728863 0.684647 -0.004302
-0.740675 0.671836 -0.006044
-0.752260 0.658820 -0.007787
-0.763614 0.645602 -0.009529
-0.774734 0.632187 -0.011271
-0.785615 0.618578 -0.013014
-0.796255 0.604780 -0.014756
-0.806651 0.590798 -0.016498
-0.816798 0.576635 -0.018240
-0.826694 0.562296 -0.019982
-0.836337 0.547786 -0.021724
-0.845721 0.533109 -0.023466
-0.854846 0.518269 -0.025207
-0.863708 0.503272 -0.026949
-0.872304 0.488122 -0.028690
-0.880631 0.472824 -0.030431
-0.888688 0.457382 -0.032172
-0.896471 0.441802 -0.033912
-0.903979 0.426088 -0.035653
-0.911208 0.410246 -0.037393
-0.918157 0.394279 -0.039133
-0.924823 0.378194 -0.040873
-0.931205 0.361996 -0.042612
-0.937301 0.345688 -0.044352
-0.943108 0.329278 -0.046091
-0.948624 0.312769 -0.047829
-0.953849 0.296166 -0.049568
-0.958781 0.279476 -0.051306
-0.963418 0.262703 -0.053044
-0.967758 0.245853 -0.054781
-0.971801 0.228930 -0.056519
-0.975545 0.211941 -0.058255
-0.978989 0.194890 -0.059992
-0.982132 0.177783 -0.061728
-0.984973 0.160625 -0.063464
-0.987512 0.143421 -0.065199
-0.989747 0.126178 -0.066934
-0.991678 0.108899 -0.068669
-0.993305 0.091592 -0.070403
-0.994626 0.074260 -0.072136
-0.995643 0.056911 -0.073870
-0.996353 0.039548 -0.075603
-0.996758 0.022178 -0.077335
-0.996858 0.004805 -0.079067
-0.996651 -0.012564 -0.080798
-0.996139 -0.029924 -0.082529
-0.995322 -0.047270 -0.084260
-0.994200 -0.064597 -0.085990
-0.992773 -0.081898 -0.087719
-0.991042 -0.099170 -0.089448
-0.989008 -0.116405 -0.091176
-0.986671 -0.133599 -0.092904
-0.984033 -0.150747 -0.094631
-0.981093 -0.167843 -0.096358
-0.977854 -0.184881 -0.098084
-0.974316 -0.201857 -0.099810
-0.970480 -0.218766 -0.101535
-0.966349 -0.235601 -0.103259
-0.961922 -0.252358 -0.104983
-0.957202 -0.269031 -0.106706
-0.952191 -0.285616 -0.108428
-0.946889 -0.302107 -0.110150
-0.941299 -0.318499 -0.111871
-0.935422 -0.334787 -0.113591
-0.929261 -0.350965 -0.115311
-0.922818 -0.367030 -0.117030
-0.916094 -0.382976 -0.118749
-0.909092 -0.398797 -0.120466
-0.901815 -0.414490 -0.122183
-0.894263 -0.430049 -0.123899
-0.886441 -0.445469 -0.125615
-0.878351 -0.460746 -0.127329
-0.869995 -0.475875 -0.129043
-0.861376 -0.490851 -0.130757
-0.852496 -0.505670 -0.132469
-0.843360 -0.520327 -0.134181
-0.833969 -0.534817 -0.135891
-0.824327 -0.549137 -0.137601
-0.814436 -0.563282 -0.139311
-0.804301 -0.577246 -0.141019
-0.793924 -0.591028 -0.142726
-0.783309 -0.604621 -0.144433
-0.772459 -0.618021 -0.146139
-0.761378 -0.631226 -0.147844
-0.750069 -0.644230 -0.149548
-0.738536 -0.657030 -0.151251
-0.726782 -0.669621 -0.152953
-0.714812 -0.682001 -0.154655
-0.702630 -0.694165 -0.156355
-0.690238 -0.706109 -0.158055
-0.677642 -0.717830 -0.159753
-0.664845 -0.729325 -0.161451
-0.651851 -0.740590 -0.163147
-0.638665 -0.751621 -0.164843
-0.625290 -0.762415 -0.166538
-0.611732 -0.772970 -0.168232
-0.597994 -0.783281 -0.169924
-0.584081 -0.793346 -0.171616
-0.569997 -0.803161 -0.173307
-0.555747 -0.812725 -0.174997
-0.541335 -0.822033 -0.176685
-0.526766 -0.831084 -0.178373
-0.512044 -0.839874 -0.180060
-0.497175 -0.848402 -0.181745
-0.482163 -0.856664 -0.183430
-0.467013 -0.864657 -0.185113
-0.451729 -0.872381 -0.186795
-0.436316 -0.879832 -0.188476
-0.420780 -0.887009 -0.190157
-0.405126 -0.893908 -0.191836
-0.389357 -0.900530 -0.193513
-0.373480 -0.906870 -0.195190
-0.357499 -0.912928 -0.196866
-0.341419 -0.918703 -0.198540
-0.325246 -0.924191 -0.200214
-0.308985 -0.929393 -0.201886
-0.292640 -0.934305 -0.203557
-0.276217 -0.938928 -0.205226
-0.259721 -0.943260 -0.206895
-0.243157 -0.947299 -0.208562
-0.226531 -0.951045 -0.210229
-0.209848 -0.954497 -0.211894
-0.193112 -0.957654 -0.213557
-0.176330 -0.960515 -0.215220
-0.159507 -0.963079 -0.216881
-0.142647 -0.965345 -0.218541
-0.125756 -0.967315 -0.220200
-0.108840 -0.968986 -0.221857
-0.091903 -0.970359 -0.223513
-0.074951 -0.971433 -0.225168
-0.057990 -0.972208 -0.226822
-0.041024 -0.972685 -0.228474
-0.024060 -0.972864 -0.230125
-0.007101 -0.972744 -0.231775
0.009846 -0.972325 -0.233423
0.026776 -0.971610 -0.235070
0.043684 -0.970596 -0.236715
0.060565 -0.969287 -0.238360
0.077413 -0.967681 -0.240003
0.094224 -0.965779 -0.241644
0.110991 -0.963584 -0.243284
0.127710 -0.961095 -0.244923
0.144376 -0.958313 -0.246560
0.160983 -0.955240 -0.248196
0.177526 -0.951877 -0.249831
0.194001 -0.948224 -0.251464
0.210402 -0.944285 -0.253096
0.226724 -0.940059 -0.254726
0.242961 -0.935549 -0.256355
0.259110 -0.930756 -0.257982
0.275165 -0.925683 -0.259608
0.291121 -0.920330 -0.261232
0.306973 -0.914699 -0.262855
0.322717 -0.908794 -0.264476
0.338347 -0.902615 -0.266096
0.353859 -0.896166 -0.267715
0.369248 -0.889447 -0.269332
0.384509 -0.882463 -0.270947
0.399638 -0.875214 -0.272561
0.414631 -0.867704 -0.274173
0.429481 -0.859935 -0.275784
0.444186 -0.851910 -0.277394
0.458741 -0.843632 -0.279001
0.473141 -0.835103 -0.280607
0.487381 -0.826327 -0.282212
0.501459 -0.817306 -0.283815
0.515368 -0.808043 -0.285416
0.529106 -0.798542 -0.287016
0.542668 -0.788805 -0.288614
0.556050 -0.778836 -0.290211
0.569248 -0.768639 -0.291806
0.582258 -0.758217 -0.293399
0.595076 -0.747573 -0.294991
0.607699 -0.736710 -0.296581
0.620122 -0.725633 -0.298170
0.632343 -0.714345 -0.299757
0.644356 -0.702850 -0.301342
0.656160 -0.691151 -0.302925
0.667750 -0.679253 -0.304507
0.679123 -0.667160 -0.306087
0.690276 -0.654875 -0.307666
0.701205 -0.642402 -0.309242
0.711908 -0.629746 -0.310818
0.722381 -0.616910 -0.312391
0.732621 -0.603899 -0.313963
0.742625 -0.590718 -0.315533
0.752391 -0.577370 -0.317101
0.761915 -0.563859 -0.318667
0.771195 -0.550191 -0.320232
0.780228 -0.536369 -0.321795
0.789012 -0.522399 -0.323356
0.797545 -0.508284 -0.324916
0.805823 -0.494029 -0.326473
0.813845 -0.479639 -0.328029
0.821608 -0.465119 -0.329584
0.829110 -0.450472 -0.331136
0.836350 -0.435705 -0.332687
0.843325 -0.420821 -0.334235
0.850033 -0.405825 -0.335782
0.856473 -0.390722 -0.337328
0.862643 -0.375518 -0.338871
0.868541 -0.360216 -0.340413
0.874166 -0.344822 -0.341952
0.879516 -0.329341 -0.343490
0.884591 -0.313777 -0.345026
0.889388 -0.298136 -0.346560
0.893907 -0.282422 -0.348093
0.898146 -0.266641 -0.349623
0.902105 -0.250797 -0.351152
0.905782 -0.234896 -0.352679
0.909178 -0.218942 -0.354204
0.912290 -0.202941 -0.355727
0.915119 -0.186898 -0.357248
0.917664 -0.170817 -0.358767
0.919925 -0.154704 -0.360284
0.921901 -0.138564 -0.361800
0.923592 -0.122401 -0.363313
0.924997 -0.106222 -0.364825
0.926117 -0.090030 -0.366334
0.926952 -0.073832 -0.367842
0.927502 -0.057632 -0.369348
0.927767 -0.041435 -0.370852
0.927747 -0.025246 -0.372354
0.927443 -0.009070 -0.373854
0.926855 0.007087 -0.375352
0.925984 0.023221 -0.376848
0.924830 0.039327 -0.378342
0.923394 0.055399 -0.379834
0.921677 0.071434 -0.381324
0.919680 0.087425 -0.382813
0.917404 0.103368 -0.384299
0.914849 0.119257 -0.385783
0.912018 0.135089 -0.387265
0.908911 0.150859 -0.388746
0.905529 0.166560 -0.390224
0.901875 0.182190 -0.391700
0.897949 0.197742 -0.393174
0.893753 0.213212 -0.394646
0.889289 0.228595 -0.396117
0.884559 0.243888 -0.397585
0.879565 0.259084 -0.399051
0.874307 0.274180 -0.400515
0.868789 0.289171 -0.401977
0.863013 0.304052 -0.403437
0.856980 0.318819 -0.404895
0.850693 0.333468 -0.406351
0.844154 0.347993 -0.407804
0.837366 0.362392 -0.409256
0.830331 0.376659 -0.410706
0.823051 0.390789 -0.412153
0.815530 0.404780 -0.413599
0.807769 0.418627 -0.415042
0.799772 0.432325 -0.416484
0.791542 0.445871 -0.417923
0.783081 0.459261 -0.419360
0.774393 0.472490 -0.420795
0.765480 0.485556 -0.422228
0.756345 0.498453 -0.423659
0.746992 0.511178 -0.425088
0.737424 0.523728 -0.426515
0.727644 0.536099 -0.427939
0.717656 0.548287 -0.429361
0.707463 0.560289 -0.430782
0.697068 0.572101 -0.432200
0.686476 0.583720 -0.433616
0.675689 0.595142 -0.435030
0.664711 0.606365 -0.436441
0.653546 0.617385 -0.437851
0.642198 0.628199 -0.439258
0.630671 0.638804 -0.440664
0.618968 0.649197 -0.442067
0.607093 0.659374 -0.443468
0.595050 0.669335 -0.444867
0.582844 0.679074 -0.446263
0.570479 0.688591 -0.447658
0.557957 0.697881 -0.449050
0.545285 0.706943 -0.450440
0.532465 0.715774 -0.451828
0.519502 0.724372 -0.453214
0.506400 0.732735 -0.454597
0.493164 0.740860 -0.455979
0.479798 0.748744 -0.457358
0.466306 0.756387 -0.458735
0.452692 0.763786 -0.460109
0.438962 0.770939 -0.461482
0.425120 0.777844 -0.462852
0.411169 0.784499 -0.464221
0.397115 0.790904 -0.465586
0.382962 0.797056 -0.466950
0.368715 0.802953 -0.468312
0.354378 0.808595 -0.469671
0.339955 0.813980 -0.471028
0.325453 0.819106 -0.472383
0.310874 0.823973 -0.473736
0.296224 0.828580 -0.475086
0.281508 0.832925 -0.476434
0.266730 0.837008 -0.477780
0.251894 0.840827 -0.479124
0.237007 0.844382 -0.480465
0.222071 0.847673 -0.481804
0.207093 0.850698 -0.483141
0.192076 0.853458 -0.484476
0.177026 0.855951 -0.485808
0.161947 0.858178 -0.487138
0.146843 0.860138 -0.488466
0.131721 0.861831 -0.489792
0.116584 0.863258 -0.491115
0.101437 0.864417 -0.492437
0.086285 0.865309 -0.493756
0.071133 0.865935 -0.495072
0.055985 0.866294 -0.496386
0.040846 0.866388 -0.497699
0.025721 0.866215 -0.499008
0.010614 0.865778 -0.500316
-0.004470 0.865076 -0.501621
-0.019526 0.864110 -0.502924
-0.034549 0.862881 -0.504225
-0.049536 0.861390 -0.505523
-0.064481 0.859637 -0.506819
-0.079380 0.857625 -0.508113
-0.094229 0.855352 -0.509405
-0.109022 0.852822 -0.510694
-0.123755 0.850035 -0.511981
-0.138425 0.846993 -0.513265
-0.153025 0.843697 -0.514548
-0.167553 0.840147 -0.515828
-0.182003 0.836347 -0.517106
-0.196371 0.832298 -0.518381
-0.210654 0.828000 -0.519654
-0.224845 0.823457 -0.520925
-0.238943 0.818670 -0.522194
-0.252941 0.813640 -0.523460
-0.266836 0.808371 -0.524724
-0.280625 0.802863 -0.525985
-0.294302 0.797120 -0.527245
-0.307863 0.791142 -0.528502
-0.321306 0.784934 -0.529756
-0.334625 0.778496 -0.531009
-0.347817 0.771832 -0.532259
-0.360878 0.764943 -0.533507
-0.373804 0.757833 -0.534752
-0.386592 0.750504 -0.535995
-0.399237 0.742959 -0.537236
-0.411736 0.735200 -0.538474
-0.424086 0.727230 -0.539711
-0.436282 0.719053 -0.540944
-0.448322 0.710671 -0.542176
-0.460202 0.702086 -0.543405
-0.471918 0.693303 -0.544632
-0.483468 0.684324 -0.545856
-0.494847 0.675153 -0.547079
-0.506053 0.665792 -0.548299
-0.517083 0.656245 -0.549516
-0.527933 0.646515 -0.550731
-0.538601 0.636606 -0.551944
-0.549083 0.626521 -0.553155
-0.559376 0.616263 -0.554363
-0.569479 0.605836 -0.555569
-0.579387 0.595244 -0.556772
-0.589099 0.584490 -0.557974
-0.598611 0.573578 -0.559172
-0.607921 0.562511 -0.560369
-0.617027 0.551293 -0.561563
-0.625926 0.539929 -0.562755
-0.634616 0.528421 -0.563945
-0.643094 0.516774 -0.565132
-0.651359 0.504992 -0.566317
-0.659408 0.493078 -0.567499
-0.667239 0.481037 -0.568679
-0.674850 0.468872 -0.569857
-0.682239 0.456587 -0.571033
-0.689404 0.444187 -0.572206
-0.696344 0.431676 -0.573377
-0.703056 0.419057 -0.574545
-0.709540 0.406336 -0.575712
-0.715794 0.393515 -0.576875
-0.721815 0.380599 -0.578037
-0.727604 0.367593 -0.579196
-0.733157 0.354501 -0.580353
-0.738475 0.341326 -0.581507
-0.743556 0.328074 -0.582660
-0.748399 0.314747 -0.583809
-0.753002 0.301352 -0.584957
-0.757366 0.287891 -0.586102
-0.761489 0.274370 -0.587245
-0.765369 0.260792 -0.588385
-0.769008 0.247162 -0.589523
-0.772403 0.233485 -0.590659
-0.775555 0.219764 -0.591793
-0.778463 0.206004 -0.592924
-0.781126 0.192209 -0.594053
-0.783544 0.178384 -0.595179
-0.785717 0.164533 -0.596303
-0.787645 0.150660 -0.597425
-0.789328 0.136770 -0.598544
-0.790765 0.122867 -0.599662
-0.791957 0.108955 -0.600776
-0.792904 0.095039 -0.601889
-0.793607 0.081123 -0.602999
-0.794064 0.067212 -0.604107
-0.794277 0.053309 -0.605212
-0.794247 0.039419 -0.606315
-0.793973 0.025546 -0.607416
-0.793457 0.011695 -0.608515
-0.792698 -0.002130 -0.609611
-0.791698 -0.015926 -0.610705
-0.790458 -0.029687 -0.611796
-0.788979 -0.043410 -0.612885
-0.787260 -0.057090 -0.613972
-0.785305 -0.070723 -0.615057
-0.783113 -0.084306 -0.616139
-0.780685 -0.097833 -0.617219
-0.778024 -0.111302 -0.618296
-0.775130 -0.124708 -0.619372
-0.772005 -0.138046 -0.620444
-0.768650 -0.151313 -0.621515
-0.765067 -0.164506 -0.622583
-0.761258 -0.177619 -0.623649
-0.757223 -0.190649 -0.624713
-0.752965 -0.203593 -0.625774
-0.748486 -0.216446 -0.626833
-0.743787 -0.229204 -0.627890
-0.738871 -0.241865 -0.628945
-0.733739 -0.254424 -0.629997
-0.728393 -0.266877 -0.631046
-0.722837 -0.279221 -0.632094
-0.717071 -0.291453 -0.633139
-0.711098 -0.303568 -0.634182
-0.704920 -0.315563 -0.635223
-0.698540 -0.327436 -0.636261
-0.691960 -0.339181 -0.637297
-0.685183 -0.350797 -0.638331
-0.678211 -0.362280 -0.639362
-0.671047 -0.373625 -0.640391
-0.663693 -0.384832 -0.641418
-0.656152 -0.395895 -0.642442
-0.648427 -0.406812 -0.643465
-0.640521 -0.417580 -0.644484
-0.632436 -0.428196 -0.645502
-0.624176 -0.438657 -0.646517
-0.615743 -0.448960 -0.647530
-0.607140 -0.459103 -0.648541
-0.598371 -0.469081 -0.649550
-0.589438 -0.478894 -0.650556
-0.580345 -0.488538 -0.651560
-0.571095 -0.498010 -0.652562
-0.561691 -0.507308 -0.653561
-0.552137 -0.516429 -0.654558
-0.542435 -0.525371 -0.655553
-0.532588 -0.534133 -0.656545
-0.522602 -0.542710 -0.657536
-0.512478 -0.551102 -0.658524
-0.502220 -0.559305 -0.659510
-0.491832 -0.567318 -0.660493
-0.481317 -0.575140 -0.661474
-0.470679 -0.582767 -0.662453
-0.459921 -0.590197 -0.663430
-0.449048 -0.597430 -0.664405
-0.438061 -0.604463 -0.665377
-0.426967 -0.611295 -0.666347
-0.415767 -0.617924 -0.667314
-0.404465 -0.624348 -0.668280
-0.393066 -0.630565 -0.669243
-0.381574 -0.636575 -0.670204
-0.369991 -0.642376 -0.671163
-0.358322 -0.647967 -0.672119
-0.346570 -0.653346 -0.673074
-0.334740 -0.658513 -0.674026
-0.322835 -0.663465 -0.674975
-0.310859 -0.668203 -0.675923
-0.298816 -0.672725 -0.676868
-0.286710 -0.677030 -0.677811
-0.274545 -0.681117 -0.678752
-0.262324 -0.684987 -0.679691
-0.250052 -0.688637 -0.680627
-0.237732 -0.692067 -0.681562
-0.225369 -0.695278 -0.682494
-0.212966 -0.698268 -0.683423
-0.200527 -0.701037 -0.684351
-0.188057 -0.703585 -0.685276
-0.175558 -0.705911 -0.686199
-0.163036 -0.708015 -0.687120
-0.150494 -0.709897 -0.688039
-0.137936 -0.711557 -0.688956
-0.125365 -0.712996 -0.689870
-0.112786 -0.714212 -0.690782
-0.100204 -0.715207 -0.691692
-0.087620 -0.715981 -0.692600
-0.075040 -0.716533 -0.693505
-0.062468 -0.716864 -0.694409
-0.049907 -0.716975 -0.695310
-0.037361 -0.716866 -0.696209
-0.024833 -0.716538 -0.697106
-0.012329 -0.715991 -0.698001
0.000149 -0.715226 -0.698893
0.012596 -0.714244 -0.699783
0.025009 -0.713046 -0.700672
0.037384 -0.711632 -0.701558
0.049718 -0.710003 -0.702441
0.062006 -0.708161 -0.703323
0.074245 -0.706107 -0.704203
0.086431 -0.703841 -0.705080
0.098561 -0.701365 -0.705955
0.110631 -0.698681 -0.706828
0.122638 -0.695789 -0.707699
0.134577 -0.692691 -0.708568
0.146446 -0.689389 -0.709434
0.158240 -0.685883 -0.710299
0.169957 -0.682176 -0.711161
0.181592 -0.678270 -0.712021
0.193144 -0.674165 -0.712879
0.204607 -0.669864 -0.713735
0.215979 -0.665368 -0.714589
0.227257 -0.660680 -0.715441
0.238437 -0.655801 -0.716290
0.249517 -0.650734 -0.717138
0.260492 -0.645480 -0.717983
0.271360 -0.640041 -0.718826
0.282117 -0.634420 -0.719668
0.292762 -0.628618 -0.720507
0.303289 -0.622639 -0.721343
0.313698 -0.616484 -0.722178
0.323984 -0.610155 -0.723011
0.334145 -0.603656 -0.723842
0.344179 -0.596988 -0.724670
0.354081 -0.590154 -0.725497
0.363850 -0.583156 -0.726321
0.373483 -0.575998 -0.727143
0.382977 -0.568681 -0.727963
0.392330 -0.561208 -0.728781
0.401539 -0.553583 -0.729597
0.410601 -0.545807 -0.730411
0.419515 -0.537884 -0.731223
0.428278 -0.529817 -0.732033
0.436887 -0.521608 -0.732841
0.445340 -0.513260 -0.733646
0.453635 -0.504776 -0.734450
0.461770 -0.496159 -0.735252
0.469743 -0.487412 -0.736051
0.477551 -0.478538 -0.736849
0.485194 -0.469541 -0.737644
0.492668 -0.460422 -0.738437
0.499972 -0.451186 -0.739229
0.507103 -0.441836 -0.740018
0.514062 -0.432375 -0.740805
0.520845 -0.422805 -0.741591
0.527450 -0.413131 -0.742374
0.533878 -0.403355 -0.743155
0.540125 -0.393481 -0.743934
0.546190 -0.383512 -0.744711
0.552073 -0.373451 -0.745487
0.557771 -0.363302 -0.746260
0.563283 -0.353068 -0.747031
0.568609 -0.342753 -0.747800
0.573746 -0.332359 -0.748567
0.578695 -0.321891 -0.749332
0.583453 -0.311351 -0.750095
0.588020 -0.300744 -0.750856
0.592395 -0.290072 -0.751616
0.596578 -0.279339 -0.752373
0.600566 -0.268549 -0.753128
0.604360 -0.257705 -0.753881
0.607960 -0.246810 -0.754632
0.611363 -0.235869 -0.755382
0.614570 -0.224884 -0.756129
0.617581 -0.213859 -0.756874
0.620394 -0.202797 -0.757617
0.623010 -0.191703 -0.758359
0.625429 -0.180579 -0.759098
0.627649 -0.169429 -0.759836
0.629671 -0.158257 -0.760571
0.631496 -0.147066 -0.761305
0.633121 -0.135859 -0.762037
0.634549 -0.124641 -0.762766
0.635778 -0.113414 -0.763494
0.636810 -0.102182 -0.764220
0.637644 -0.090949 -0.764944
0.638280 -0.079718 -0.765666
0.638719 -0.068493 -0.766386
0.638961 -0.057276 -0.767104
0.639007 -0.046072 -0.767820
0.638857 -0.034884 -0.768534
0.638512 -0.023714 -0.769247
0.637972 -0.012568 -0.769957
0.637238 -0.001448 -0.770666
0.636311 0.009643 -0.771372
0.635192 0.020702 -0.772077
0.633881 0.031724 -0.772780
0.632379 0.042707 -0.773481
0.630688 0.053647 -0.774180
0.628808 0.064541 -0.774877
0.626741 0.075387 -0.775573
0.624487 0.086179 -0.776266
0.622048 0.096917 -0.776958
0.619425 0.107595 -0.777647
0.616620 0.118212 -0.778335
0.613633 0.128764 -0.779021
0.610467 0.139247 -0.779705
0.607122 0.149660 -0.780388
0.603600 0.159998 -0.781068
0.599903 0.170260 -0.781747
0.596033 0.180441 -0.782423
0.591990 0.190539 -0.783098
0.587777 0.200552 -0.783771
0.583395 0.210476 -0.784442
0.578847 0.220308 -0.785112
0.574134 0.230046 -0.785779
0.569258 0.239686 -0.786445
0.564221 0.249227 -0.787109
0.559025 0.258666 -0.787771
0.553672 0.267999 -0.788431
0.548164 0.277225 -0.789090
0.542504 0.286340 -0.789746
0.536692 0.295343 -0.790401
0.530733 0.304230 -0.791054
0.524627 0.313000 -0.791705
0.518377 0.321650 -0.792355
0.511986 0.330177 -0.793002
0.505456 0.338580 -0.793648
0.498789 0.346856 -0.794292
0.491988 0.355003 -0.794935
0.485055 0.363018 -0.795575
0.477992 0.370900 -0.796214
0.470803 0.378647 -0.796851
0.463489 0.386256 -0.797486
0.456054 0.393726 -0.798120
0.448499 0.401055 -0.798751
0.440829 0.408240 -0.799381
0.433044 0.415280 -0.800009
0.425149 0.422174 -0.800636
0.417146 0.428919 -0.801260
0.409037 0.435514 -0.801883
0.400825 0.441957 -0.802505
0.392514 0.448246 -0.803124
0.384105 0.454381 -0.803742
0.375603 0.460360 -0.804358
0.367009 0.466180 -0.804972
0.358327 0.471842 -0.805585
0.349560 0.477344 -0.806195
0.340710 0.482683 -0.806805
0.331780 0.487860 -0.807412
0.322775 0.492873 -0.808018
0.313695 0.497721 -0.808622
0.304545 0.502403 -0.809224
0.295328 0.506918 -0.809825
0.286046 0.511264 -0.810424
0.276702 0.515442 -0.811021
0.267301 0.519451 -0.811616
0.257844 0.523289 -0.812210
0.248335 0.526956 -0.812802
0.238776 0.530451 -0.813393
0.229172 0.533773 -0.813982
0.219524 0.536923 -0.814569
0.209837 0.539900 -0.815154
0.200113 0.542702 -0.815738
0.190355 0.545331 -0.816320
0.180567 0.547785 -0.816901
0.170751 0.550064 -0.817480
0.160911 0.552169 -0.818057
0.151049 0.554098 -0.818633
0.141170 0.555852 -0.819207
0.131275 0.557431 -0.819779
0.121368 0.558835 -0.820350
0.111453 0.560063 -0.820919
0.101532 0.561117 -0.821486
0.091607 0.561995 -0.822052
0.081684 0.562699 -0.822616
0.071763 0.563229 -0.823179
0.061849 0.563585 -0.823740
0.051945 0.563767 -0.824299
0.042053 0.563776 -0.824857
0.032177 0.563612 -0.825413
0.022319 0.563276 -0.825967
0.012483 0.562768 -0.826520
0.002671 0.562090 -0.827072
-0.007114 0.561241 -0.827622
-0.016868 0.560223 -0.828170
-0.026589 0.559037 -0.828716
-0.036274 0.557682 -0.829261
-0.045919 0.556161 -0.829805
-0.055523 0.554474 -0.830347
-0.065082 0.552622 -0.830887
-0.074593 0.550606 -0.831426
-0.084054 0.548427 -0.831963
-0.093462 0.546087 -0.832499
-0.102814 0.543586 -0.833033
-0.112107 0.540926 -0.833565
-0.121339 0.538108 -0.834096
-0.130508 0.535133 -0.834626
-0.139609 0.532003 -0.835154
-0.148641 0.528720 -0.835680
-0.157602 0.525283 -0.836205
-0.166488 0.521697 -0.836728
-0.175298 0.517960 -0.837250
-0.184028 0.514076 -0.837770
-0.192676 0.510046 -0.838289
-0.201240 0.505872 -0.838807
-0.209717 0.501554 -0.839322
-0.218105 0.497096 -0.839837
-0.226402 0.492499 -0.840349
-0.234606 0.487764 -0.840861
-0.242713 0.482894 -0.841370
-0.250723 0.477890 -0.841879
-0.258632 0.472754 -0.842385
-0.266439 0.467489 -0.842891
-0.274142 0.462096 -0.843394
-0.281737 0.456577 -0.843897
-0.289225 0.450935 -0.844398
-0.296601 0.445171 -0.844897
-0.303866 0.439287 -0.845395
-0.311015 0.433287 -0.845891
-0.318049 0.427171 -0.846386
-0.324964 0.420943 -0.846880
-0.331759 0.414604 -0.847372
-0.338433 0.408157 -0.847862
-0.344984 0.401604 -0.848352
-0.351409 0.394947 -0.848839
-0.357708 0.388189 -0.849326
-0.363879 0.381332 -0.849810
-0.369920 0.374379 -0.850294
-0.375830 0.367332 -0.850776
-0.381607 0.360192 -0.851256
-0.387251 0.352964 -0.851735
-0.392759 0.345649 -0.852213
-0.398130 0.338250 -0.852689
-0.403364 0.330770 -0.853164
-0.408458 0.323210 -0.853638
-0.413412 0.315573 -0.854110
-0.418225 0.307863 -0.854581
-0.422896 0.300082 -0.855050
-0.427423 0.292231 -0.855518
-0.431806 0.284315 -0.855984
-0.436043 0.276335 -0.856449
-0.440135 0.268294 -0.856913
-0.444079 0.260195 -0.857375
-0.447876 0.252041 -0.857836
-0.451524 0.243833 -0.858296
-0.455023 0.235576 -0.858754
-0.458372 0.227271 -0.859211
-0.461571 0.218921 -0.859666
-0.464619 0.210530 -0.860120
-0.467515 0.202099 -0.860573
-0.470260 0.193631 -0.861024
-0.472852 0.185129 -0.861474
-0.475292 0.176596 -0.861923
-0.477579 0.168035 -0.862370
-0.479713 0.159448 -0.862816
-0.481693 0.150838 -0.863261
-0.483520 0.142207 -0.863704
-0.485194 0.133559 -0.864146
-0.486714 0.124896 -0.864587
-0.488080 0.116221 -0.865026
-0.489293 0.107536 -0.865464
-0.490352 0.098845 -0.865901
-0.491258 0.090149 -0.866336
-0.492011 0.081453 -0.866770
-0.492611 0.072757 -0.867203
-0.493058 0.064065 -0.867634
-0.493353 0.055380 -0.868065
-0.493496 0.046705 -0.868493
-0.493487 0.038041 -0.868921
-0.493327 0.029392 -0.869347
-0.493017 0.020759 -0.869772
-0.492556 0.012147 -0.870196
-0.491946 0.003557 -0.870618
-0.491188 -0.005008 -0.871039
-0.490281 -0.013545 -0.871459
-0.489227 -0.022053 -0.871878
-0.488026 -0.030528 -0.872295
-0.486680 -0.038968 -0.872711
-0.485188 -0.047370 -0.873126
-0.483553 -0.055732 -0.873539
-0.481774 -0.064052 -0.873952
-0.479853 -0.072327 -0.874362
-0.477791 -0.080554 -0.874772
-0.475589 -0.088732 -0.875181
-0.473249 -0.096858 -0.875588
-0.470770 -0.104929 -0.875994
-0.468155 -0.112944 -0.876399
-0.465404 -0.120899 -0.876802
-0.462520 -0.128794 -0.877205
-0.459502 -0.136624 -0.877606
-0.456353 -0.144389 -0.878005
-0.453074 -0.152087 -0.878404
-0.449666 -0.159713 -0.878802
-0.446131 -0.167268 -0.879198
-0.442470 -0.174749 -0.879593
-0.438685 -0.182153 -0.879986
-0.434777 -0.189478 -0.880379
-0.430748 -0.196723 -0.880770
-0.426599 -0.203886 -0.881161
-0.422332 -0.210964 -0.881550
-0.417950 -0.217956 -0.881937
-0.413452 -0.224860 -0.882324
-0.408842 -0.231673 -0.882709
-0.404121 -0.238395 -0.883093
-0.399291 -0.245023 -0.883476
-0.394353 -0.251556 -0.883858
-0.389309 -0.257991 -0.884239
-0.384162 -0.264328 -0.884619
-0.378913 -0.270565 -0.884997
-0.373565 -0.276699 -0.885374
-0.368118 -0.282730 -0.885750
-0.362575 -0.288655 -0.886125
-0.356939 -0.294474 -0.886499
-0.351210 -0.300185 -0.886871
-0.345392 -0.305786 -0.887243
-0.339486 -0.311276 -0.887613
-0.333494 -0.316654 -0.887982
-0.327419 -0.321918 -0.888350
-0.321262 -0.327068 -0.888717
-0.315026 -0.332101 -0.889082
-0.308712 -0.337018 -0.889447
-0.302324 -0.341815 -0.889810
-0.295863 -0.346494 -0.890173
-0.289331 -0.351051 -0.890534
-0.282731 -0.355487 -0.890894
-0.276064 -0.359801 -0.891253
-0.269334 -0.363991 -0.891611
-0.262543 -0.368056 -0.891967
-0.255692 -0.371996 -0.892323
-0.248784 -0.375810 -0.892678
-0.241821 -0.379497 -0.893031
-0.234806 -0.383057 -0.893383
-0.227740 -0.386488 -0.893735
-0.220627 -0.389790 -0.894085
-0.213469 -0.392962 -0.894434
-0.206268 -0.396004 -0.894782
-0.199025 -0.398916 -0.895129
-0.191745 -0.401696 -0.895474
-0.184428 -0.404345 -0.895819
-0.177078 -0.406861 -0.896163
-0.169696 -0.409245 -0.896505
-0.162285 -0.411497 -0.896847
-0.154848 -0.413615 -0.897187
-0.147387 -0.415600 -0.897527
-0.139904 -0.417451 -0.897865
-0.132401 -0.419169 -0.898202
-0.124881 -0.420754 -0.898538
-0.117347 -0.422204 -0.898873
-0.109800 -0.423521 -0.899208
-0.102243 -0.424704 -0.899541
-0.094679 -0.425753 -0.899873
-0.087109 -0.426668 -0.900204
-0.079536 -0.427450 -0.900533
-0.071963 -0.428099 -0.900862
-0.064391 -0.428614 -0.901190
-0.056824 -0.428997 -0.901517
-0.049262 -0.429247 -0.901843
-0.041710 -0.429364 -0.902168
-0.034168 -0.429350 -0.902491
-0.026639 -0.429205 -0.902814
-0.019126 -0.428928 -0.903136
-0.011631 -0.428522 -0.903457
-0.004156 -0.427985 -0.903776
0.003297 -0.427319 -0.904095
0.010726 -0.426524 -0.904413
0.018128 -0.425601 -0.904730
0.025501 -0.424550 -0.905045
0.032843 -0.423373 -0.905360
0.040151 -0.422070 -0.905674
0.047425 -0.420642 -0.905986
0.054661 -0.419089 -0.906298
0.061857 -0.417413 -0.906609
0.069012 -0.415615 -0.906919
0.076123 -0.413695 -0.907228
0.083189 -0.411654 -0.907535
0.090206 -0.409494 -0.907842
0.097174 -0.407215 -0.908148
0.104090 -0.404819 -0.908453
0.110952 -0.402306 -0.908757
0.117759 -0.399678 -0.909060
0.124508 -0.396936 -0.909362
0.131198 -0.394081 -0.909663
0.137826 -0.391115 -0.909963
0.144391 -0.388038 -0.910263
0.150891 -0.384852 -0.910561
0.157324 -0.381558 -0.910858
0.163689 -0.378158 -0.911154
0.169983 -0.374653 -0.911450
0.176205 -0.371044 -0.911744
0.182354 -0.367333 -0.912038
0.188427 -0.363522 -0.912331
0.194424 -0.359611 -0.912622
0.200341 -0.355603 -0.912913
0.206179 -0.351498 -0.913203
0.211935 -0.347299 -0.913492
0.217608 -0.343007 -0.913780
0.223196 -0.338623 -0.914067
0.228698 -0.334150 -0.914353
0.234112 -0.329588 -0.914638
0.239438 -0.324940 -0.914923
0.244673 -0.320208 -0.915206
0.249817 -0.315392 -0.915489
0.254867 -0.310496 -0.915770
0.259824 -0.305520 -0.916051
0.264685 -0.300466 -0.916331
0.269450 -0.295336 -0.916610
0.274117 -0.290132 -0.916888
0.278685 -0.284856 -0.917165
0.283153 -0.279510 -0.917441
0.287521 -0.274095 -0.917717
0.291786 -0.268613 -0.917991
0.295948 -0.263067 -0.918265
0.300007 -0.257458 -0.918538
0.303961 -0.251788 -0.918810
0.307808 -0.246059 -0.919081
0.311550 -0.240272 -0.919351
0.315184 -0.234431 -0.919620
0.318710 -0.228537 -0.919889
0.322127 -0.222592 -0.920156
0.325434 -0.216597 -0.920423
0.328631 -0.210556 -0.920689
0.331718 -0.204469 -0.920954
0.334692 -0.198339 -0.921218
0.337555 -0.192169 -0.921481
0.340306 -0.185959 -0.921744
0.342943 -0.179712 -0.922005
0.345467 -0.173430 -0.922266
0.347877 -0.167115 -0.922526
0.350172 -0.160769 -0.922785
0.352353 -0.154394 -0.923044
0.354420 -0.147993 -0.923301
0.356371 -0.141567 -0.923558
0.358206 -0.135118 -0.923814
0.359926 -0.128649 -0.924069
0.361531 -0.122160 -0.924323
0.363019 -0.115656 -0.924576
0.364392 -0.109137 -0.924829
0.365648 -0.102605 -0.925080
0.366789 -0.096063 -0.925331
0.367813 -0.089513 -0.925581
0.368722 -0.082956 -0.925831
0.369515 -0.076395 -0.926079
0.370192 -0.069832 -0.926327
0.370753 -0.063269 -0.926574
0.371200 -0.056707 -0.926820
0.371531 -0.050150 -0.927065
0.371747 -0.043598 -0.927310
0.371849 -0.037053 -0.927553
0.371837 -0.030519 -0.927796
0.371710 -0.023996 -0.928039
0.371471 -0.017487 -0.928280
0.371118 -0.010994 -0.928521
0.370653 -0.004518 -0.928760
0.370076 0.001938 -0.928999
0.369388 0.008372 -0.929238
0.368588 0.014784 -0.929475
0.367679 0.021170 -0.929712
0.366659 0.027529 -0.929948
0.365531 0.033859 -0.930183
0.364295 0.040158 -0.930418
0.362950 0.046424 -0.930651
0.361500 0.052656 -0.930884
0.359943 0.058851 -0.931116
0.358281 0.065009 -0.931348
0.356515 0.071126 -0.931578
0.354645 0.077202 -0.931808
0.352673 0.083235 -0.932038
0.350599 0.089223 -0.932266
0.348424 0.095163 -0.932494
0.346150 0.101056 -0.932721
0.343777 0.106898 -0.932947
0.341307 0.112689 -0.933172
0.338740 0.118426 -0.933397
0.336078 0.124109 -0.933621
0.333322 0.129735 -0.933844
0.330472 0.135303 -0.934067
0.327531 0.140811 -0.934289
0.324499 0.146259 -0.934510
0.321377 0.151644 -0.934730
0.318167 0.156965 -0.934950
0.314870 0.162220 -0.935169
0.311488 0.167409 -0.935387
0.308021 0.172530 -0.935605
0.304471 0.177581 -0.935822
0.300839 0.182562 -0.936038
0.297127 0.187470 -0.936253
0.293337 0.192305 -0.936468
0.289468 0.197065 -0.936682
0.285524 0.201749 -0.936895
0.281505 0.206357 -0.937108
0.277413 0.210886 -0.937320
0.273250 0.215336 -0.937531
0.269016 0.219705 -0.937742
0.264714 0.223993 -0.937952
0.260345 0.228198 -0.938161
0.255911 0.232320 -0.938369
0.251412 0.236357 -0.938577
0.246851 0.240309 -0.938784
0.242230 0.244174 -0.938991
0.237549 0.247951 -0.939197
0.232811 0.251641 -0.939402
0.228018 0.255241 -0.939606
0.223170 0.258751 -0.939810
0.218269 0.262171 -0.940013
0.213318 0.265499 -0.940216
0.208318 0.268735 -0.940417
0.203270 0.271878 -0.940619
0.198177 0.274928 -0.940819
0.193039 0.277883 -0.941019
0.187859 0.280744 -0.941218
0.182639 0.283510 -0.941417
0.177380 0.286179 -0.941614
0.172084 0.288752 -0.941812
0.166752 0.291229 -0.942008
0.161387 0.293608 -0.942204
0.155990 0.295889 -0.942399
0.150563 0.298072 -0.942594
0.145108 0.300157 -0.942788
0.139626 0.302143 -0.942982
0.134120 0.304030 -0.943174
0.128590 0.305818 -0.943366
0.123039 0.307506 -0.943558
0.117469 0.309095 -0.943749
0.111881 0.310583 -0.943939
0.106277 0.311972 -0.944128
0.100659 0.313261 -0.944317
0.095029 0.314449 -0.944506
0.089388 0.315538 -0.944694
0.083738 0.316526 -0.944881
0.078082 0.317414 -0.945067
0.072419 0.318201 -0.945253
0.066754 0.318889 -0.945438
0.061086 0.319477 -0.945623
0.055419 0.319965 -0.945807
0.049753 0.320354 -0.945990
0.044090 0.320643 -0.946173
0.038433 0.320833 -0.946356
0.032783 0.320925 -0.946537
0.027141 0.320917 -0.946718
0.021509 0.320812 -0.946899
0.015890 0.320608 -0.947079
0.010284 0.320307 -0.947258
0.004693 0.319909 -0.947436
-0.000881 0.319415 -0.947615
-0.006435 0.318824 -0.947792
-0.011970 0.318138 -0.947969
-0.017483 0.317356 -0.948145
-0.022972 0.316480 -0.948321
-0.028436 0.315510 -0.948496
-0.033874 0.314446 -0.948671
-0.039283 0.313290 -0.948845
-0.044662 0.312041 -0.949018
-0.050010 0.310701 -0.949191
-0.055324 0.309271 -0.949363
-0.060605 0.307750 -0.949535
-0.065849 0.306140 -0.949706
-0.071056 0.304442 -0.949877
-0.076223 0.302656 -0.950047
-0.081351 0.300784 -0.950216
-0.086436 0.298825 -0.950385
-0.091478 0.296782 -0.950554
-0.096476 0.294654 -0.950721
-0.101427 0.292444 -0.950889
-0.106332 0.290151 -0.951055
-0.111187 0.287776 -0.951221
-0.115992 0.285322 -0.951387
-0.120746 0.282788 -0.951552
-0.125447 0.280176 -0.951717
-0.130094 0.277487 -0.951880
-0.134685 0.274722 -0.952044
-0.139221 0.271882 -0.952207
-0.143699 0.268968 -0.952369
-0.148117 0.265982 -0.952531
-0.152476 0.262924 -0.952692
-0.156774 0.259795 -0.952853
-0.161010 0.256597 -0.953013
-0.165182 0.253332 -0.953173
-0.169290 0.249999 -0.953332
-0.173332 0.246602 -0.953490
-0.177308 0.243139 -0.953648
-0.181216 0.239614 -0.953806
-0.185056 0.236028 -0.953963
-0.188826 0.232381 -0.954119
-0.192526 0.228675 -0.954275
-0.196155 0.224911 -0.954431
-0.199712 0.221091 -0.954586
-0.203196 0.217215 -0.954740
-0.206606 0.213287 -0.954894
-0.209941 0.209306 -0.955048
-0.213202 0.205274 -0.955200
-0.216386 0.201192 -0.955353
-0.219493 0.197063 -0.955505
-0.222522 0.192887 -0.955656
-0.225474 0.188666 -0.955807
-0.228346 0.184401 -0.955957
-0.231139 0.180094 -0.956107
-0.233852 0.175746 -0.956256
-0.236485 0.171358 -0.956405
-0.239036 0.166933 -0.956554
-0.241506 0.162472 -0.956702
-0.243893 0.157975 -0.956849
-0.246198 0.153445 -0.956996
-0.248420 0.148883 -0.957142
-0.250558 0.144291 -0.957288
-0.252612 0.139670 -0.957434
-0.254583 0.135022 -0.957579
-0.256468 0.130347 -0.957723
-0.258269 0.125649 -0.957867
-0.259985 0.120927 -0.958011
-0.261616 0.116185 -0.958154
-0.263161 0.111422 -0.958296
-0.264620 0.106642 -0.958438
-0.265993 0.101844 -0.958580
-0.267281 0.097032 -0.958721
-0.268482 0.092205 -0.958862
-0.269597 0.087367 -0.959002
-0.270626 0.082518 -0.959142
-0.271568 0.077660 -0.959281
-0.272424 0.072794 -0.959420
-0.273194 0.067923 -0.959558
-0.273878 0.063046 -0.959696
-0.274476 0.058167 -0.959833
-0.274987 0.053287 -0.959970
-0.275413 0.048406 -0.960107
-0.275753 0.043527 -0.960243
-0.276007 0.038650 -0.960378
-0.276176 0.033778 -0.960513
-0.276260 0.028912 -0.960648
-0.276259 0.024054 -0.960782
-0.276173 0.019204 -0.960916
-0.276003 0.014365 -0.961049
-0.275749 0.009538 -0.961182
-0.275412 0.004723 -0.961315
-0.274991 -0.000076 -0.961447
-0.274488 -0.004860 -0.961578
-0.273902 -0.009626 -0.961709
-0.273235 -0.014373 -0.961840
-0.272486 -0.019100 -0.961970
-0.271656 -0.023805 -0.962100
-0.270745 -0.028487 -0.962229
-0.269755 -0.033145 -0.962358
-0.268686 -0.037777 -0.962487
-0.267537 -0.042382 -0.962615
-0.266311 -0.046958 -0.962743
-0.265008 -0.051505 -0.962870
-0.263627 -0.056021 -0.962997
-0.262171 -0.060504 -0.963123
-0.260639 -0.064954 -0.963249
-0.259032 -0.069370 -0.963374
-0.257352 -0.073749 -0.963500
-0.255598 -0.078091 -0.963624
-0.253772 -0.082394 -0.963748
-0.251874 -0.086658 -0.963872
-0.249906 -0.090881 -0.963996
-0.247868 -0.095062 -0.964119
-0.245760 -0.099200 -0.964241
-0.243585 -0.103293 -0.964364
-0.241342 -0.107341 -0.964485
-0.239033 -0.111343 -0.964607
-0.236658 -0.115297 -0.964728
-0.234219 -0.119203 -0.964848
-0.231717 -0.123059 -0.964968
-0.229151 -0.126864 -0.965088
-0.226525 -0.130618 -0.965207
-0.223838 -0.134319 -0.965326
-0.221091 -0.137967 -0.965445
-0.218286 -0.141560 -0.965563
-0.215423 -0.145098 -0.965681
-0.212504 -0.148579 -0.965798
-0.209530 -0.152004 -0.965915
-0.206502 -0.155370 -0.966032
-0.203420 -0.158677 -0.966148
-0.200287 -0.161925 -0.966264
-0.197103 -0.165112 -0.966379
-0.193869 -0.168238 -0.966494
-0.190587 -0.171302 -0.966609
-0.187257 -0.174303 -0.966723
-0.183882 -0.177240 -0.966837
-0.180461 -0.180114 -0.966950
-0.176997 -0.182922 -0.967063
-0.173490 -0.185666 -0.967176
-0.169941 -0.188343 -0.967288
-0.166353 -0.190953 -0.967400
-0.162726 -0.193496 -0.967512
-0.159061 -0.195972 -0.967623
-0.155360 -0.198379 -0.967734
-0.151624 -0.200717 -0.967844
-0.147854 -0.202986 -0.967955
-0.144051 -0.205185 -0.968064
-0.140217 -0.207314 -0.968174
-0.136353 -0.209372 -0.968283
-0.132461 -0.211359 -0.968391
-0.128540 -0.213275 -0.968499
-0.124594 -0.215119 -0.968607
-0.120623 -0.216891 -0.968715
-0.116628 -0.218591 -0.968822
-0.112611 -0.220218 -0.968929
-0.108574 -0.221772 -0.969035
-0.104516 -0.223253 -0.969141
-0.100440 -0.224660 -0.969247
-0.096348 -0.225994 -0.969352
-0.092239 -0.227255 -0.969457
-0.088116 -0.228441 -0.969562
-0.083980 -0.229554 -0.969666
-0.079833 -0.230592 -0.969770
-0.075674 -0.231556 -0.969874
-0.071507 -0.232447 -0.969977
-0.067332 -0.233263 -0.970080
-0.063150 -0.234005 -0.970182
-0.058963 -0.234672 -0.970285
-0.054773 -0.235266 -0.970386
-0.050579 -0.235786 -0.970488
-0.046385 -0.236231 -0.970589
-0.042190 -0.236603 -0.970690
-0.037996 -0.236901 -0.970790
-0.033805 -0.237126 -0.970891
-0.029618 -0.237277 -0.970990
-0.025436 -0.237355 -0.971090
-0.021260 -0.237361 -0.971189
-0.017092 -0.237293 -0.971288
-0.012933 -0.237153 -0.971386
-0.008784 -0.236941 -0.971484
-0.004646 -0.236657 -0.971582
-0.000520 -0.236302 -0.971680
0.003591 -0.235875 -0.971777
0.007688 -0.235378 -0.971874
0.011768 -0.234810 -0.971970
0.015831 -0.234172 -0.972066
0.019875 -0.233465 -0.972162
0.023900 -0.232689 -0.972258
0.027903 -0.231844 -0.972353
0.031885 -0.230931 -0.972448
0.035843 -0.229950 -0.972542
0.039777 -0.228902 -0.972636
0.043686 -0.227788 -0.972730
0.047567 -0.226608 -0.972824
0.051422 -0.225362 -0.972917
0.055247 -0.224052 -0.973010
0.059042 -0.222677 -0.973103
0.062807 -0.221239 -0.973195
0.066540 -0.219738 -0.973287
0.070239 -0.218175 -0.973379
0.073905 -0.216550 -0.973470
0.077535 -0.214865 -0.973561
0.081130 -0.213119 -0.973652
0.084687 -0.211314 -0.973742
0.088206 -0.209451 -0.973833
0.091687 -0.207530 -0.973922
0.095128 -0.205551 -0.974012
0.098528 -0.203517 -0.974101
0.101886 -0.201427 -0.974190
0.105201 -0.199282 -0.974279
0.108474 -0.197084 -0.974367
0.111701 -0.194833 -0.974455
0.114884 -0.192530 -0.974543
0.118021 -0.190175 -0.974630
0.121111 -0.187771 -0.974718
0.124153 -0.185317 -0.974804
0.127147 -0.182815 -0.974891
0.130092 -0.180265 -0.974977
0.132988 -0.177669 -0.975063
0.135832 -0.175027 -0.975149
0.138626 -0.172340 -0.975234
0.141367 -0.169610 -0.975319
0.144056 -0.166837 -0.975404
0.146692 -0.164023 -0.975489
0.149274 -0.161167 -0.975573
0.151801 -0.158273 -0.975657
0.154273 -0.155339 -0.975741
0.156690 -0.152368 -0.975824
0.159050 -0.149360 -0.975907
0.161354 -0.146317 -0.975990
0.163601 -0.143240 -0.976072
0.165790 -0.140129 -0.976155
0.167920 -0.136985 -0.976237
0.169992 -0.133811 -0.976318
0.172005 -0.130606 -0.976400
0.173959 -0.127372 -0.976481
0.175852 -0.124110 -0.976562
0.177686 -0.120821 -0.976642
0.179458 -0.117506 -0.976723
0.181170 -0.114167 -0.976803
0.182820 -0.110804 -0.976882
0.184409 -0.107419 -0.976962
0.185936 -0.104012 -0.977041
0.187401 -0.100585 -0.977120
0.188803 -0.097138 -0.977199
0.190143 -0.093674 -0.977277
0.191420 -0.090193 -0.977355
0.192634 -0.086696 -0.977433
0.193785 -0.083184 -0.977511
0.194873 -0.079659 -0.977588
0.195898 -0.076122 -0.977665
0.196859 -0.072573 -0.977742
0.197756 -0.069014 -0.977819
0.198590 -0.065446 -0.977895
0.199360 -0.061870 -0.977971
0.200067 -0.058288 -0.978047
0.200710 -0.054699 -0.978123
0.201289 -0.051106 -0.978198
0.201805 -0.047510 -0.978273
0.202257 -0.043912 -0.978348
0.202645 -0.040312 -0.978422
0.202971 -0.036712 -0.978496
0.203233 -0.033113 -0.978570
0.203432 -0.029517 -0.978644
0.203568 -0.025923 -0.978718
0.203641 -0.022334 -0.978791
0.203651 -0.018750 -0.978864
0.203600 -0.015173 -0.978937
0.203486 -0.011603 -0.979009
0.203310 -0.008042 -0.979081
0.203072 -0.004490 -0.979153
0.202773 -0.000949 -0.979225
0.202413 0.002580 -0.979297
0.201993 0.006096 -0.979368
0.201512 0.009598 -0.979439
0.200970 0.013086 -0.979510
0.200370 0.016557 -0.979580
0.199709 0.020012 -0.979651
0.198990 0.023449 -0.979721
0.198213 0.026867 -0.979791
0.197377 0.030265 -0.979860
0.196484 0.033642 -0.979930
0.195534 0.036997 -0.979999
0.194527 0.040330 -0.980068
0.193464 0.043639 -0.980136
0.192346 0.046923 -0.980205
0.191172 0.050182 -0.980273
0.189944 0.053414 -0.980341
0.188662 0.056619 -0.980409
0.187326 0.059795 -0.980476
0.185938 0.062943 -0.980543
0.184497 0.066060 -0.980610
0.183005 0.069147 -0.980677
0.181462 0.072202 -0.980744
0.179869 0.075224 -0.980810
0.178226 0.078213 -0.980876
0.176534 0.081168 -0.980942
0.174794 0.084088 -0.981008
0.173006 0.086972 -0.981073
0.171171 0.089820 -0.981139
0.169291 0.092630 -0.981204
0.167364 0.095403 -0.981268
0.165394 0.098136 -0.981333
0.163379 0.100831 -0.981397
0.161321 0.103485 -0.981461
0.159221 0.106099 -0.981525
0.157079 0.108671 -0.981589
0.154896 0.111201 -0.981652
0.152674 0.113689 -0.981716
0.150412 0.116133 -0.981779
0.148112 0.118533 -0.981841
0.145774 0.120889 -0.981904
0.143400 0.123200 -0.981966
0.140990 0.125465 -0.982029
0.138545 0.127684 -0.982091
0.136066 0.129856 -0.982152
0.133554 0.131982 -0.982214
0.131010 0.134059 -0.982275
0.128434 0.136088 -0.982336
0.125827 0.138069 -0.982397
0.123191 0.140001 -0.982458
0.120526 0.141883 -0.982518
0.117834 0.143715 -0.982579
0.115115 0.145497 -0.982639
0.112369 0.147229 -0.982699
0.109599 0.148909 -0.982758
0.106804 0.150538 -0.982818
0.103987 0.152116 -0.982877
0.101147 0.153641 -0.982936
0.098286 0.155115 -0.982995
0.095405 0.156535 -0.983054
0.092504 0.157903 -0.983112
0.089585 0.159218 -0.983170
0.086648 0.160480 -0.983229
0.083695 0.161688 -0.983286
0.080727 0.162842 -0.983344
0.077744 0.163943 -0.983402
0.074747 0.164990 -0.983459
0.071738 0.165983 -0.983516
0.068717 0.166921 -0.983573
0.065685 0.167805 -0.983629
0.062644 0.168635 -0.983686
0.059593 0.169410 -0.983742
0.056535 0.170131 -0.983798
0.053471 0.170797 -0.983854
0.050400 0.171409 -0.983910
0.047324 0.171966 -0.983965
0.044245 0.172469 -0.984021
0.041162 0.172917 -0.984076
0.038077 0.173310 -0.984131
0.034992 0.173649 -0.984186
0.031906 0.173934 -0.984240
0.028821 0.174165 -0.984295
0.025737 0.174341 -0.984349
0.022657 0.174464 -0.984403
0.019580 0.174532 -0.984457
0.016507 0.174547 -0.984510
0.013440 0.174509 -0.984564
0.010379 0.174417 -0.984617
0.007326 0.174272 -0.984670
0.004281 0.174074 -0.984723
0.001245 0.173824 -0.984776
