0.000000 -3.141593
0.010000 -3.124167
0.020000 -3.106741
0.030000 -3.089315
0.040000 -3.071890
0.050000 -3.054464
0.060000 -3.037038
0.070000 -3.019612
0.080000 -3.002187
0.090000 -2.984761
0.100000 -2.967335
0.110000 -2.949909
0.120000 -2.932484
0.130000 -2.915058
0.140000 -2.897632
0.150000 -2.880207
0.160000 -2.862781
0.170000 -2.845355
0.180000 -2.827929
0.190000 -2.810504
0.200000 -2.793078
0.210000 -2.775652
0.220000 -2.758226
0.230000 -2.740801
0.240000 -2.723375
0.250000 -2.705949
0.260000 -2.688523
0.270000 -2.671098
0.280000 -2.653672
0.290000 -2.636246
0.300000 -2.618820
0.310000 -2.601395
0.320000 -2.583969
0.330000 -2.566543
0.340000 -2.549117
0.350000 -2.531692
0.360000 -2.514266
0.370000 -2.496840
0.380000 -2.479414
0.390000 -2.461989
0.400000 -2.444563
0.410000 -2.427137
0.420000 -2.409711
0.430000 -2.392286
0.440000 -2.374860
0.450000 -2.357434
0.460000 -2.340008
0.470000 -2.322583
0.480000 -2.305157
0.490000 -2.287731
0.500000 -2.270306
0.510000 -2.252880
0.520000 -2.235454
0.530000 -2.218028
0.540000 -2.200603
0.550000 -2.183177
0.560000 -2.165751
0.570000 -2.148325
0.580000 -2.130900
0.590000 -2.113474
0.600000 -2.096048
0.610000 -2.078622
0.620000 -2.061197
0.630000 -2.043771
0.640000 -2.026345
0.650000 -2.008919
0.660000 -1.991494
0.670000 -1.974068
0.680000 -1.956642
0.690000 -1.939216
0.700000 -1.921791
0.710000 -1.904365
0.720000 -1.886939
0.730000 -1.869513
0.740000 -1.852088
0.750000 -1.834662
0.760000 -1.817236
0.770000 -1.799810
0.780000 -1.782385
0.790000 -1.764959
0.800000 -1.747533
0.810000 -1.730108
0.820000 -1.712682
0.830000 -1.695256
0.839999 -1.677830
0.849999 -1.660405
0.859999 -1.642979
0.869999 -1.625553
0.879999 -1.608127
0.889999 -1.590702
0.899999 -1.573276
0.909999 -1.555850
0.919999 -1.538424
0.929999 -1.520999
0.939999 -1.503573
0.949999 -1.486147
0.959999 -1.468721
0.969999 -1.451296
0.979999 -1.433870
0.989999 -1.416444
0.999999 -1.399018
1.009999 -1.381593
1.019999 -1.364167
1.029999 -1.346741
1.039999 -1.329315
1.049999 -1.311890
1.059999 -1.294464
1.069999 -1.277038
1.079999 -1.259612
1.089999 -1.242187
1.099999 -1.224761
1.109999 -1.207335
1.119999 -1.189909
1.129999 -1.172484
1.139999 -1.155058
1.149999 -1.137632
1.159999 -1.120207
1.169999 -1.102781
1.179999 -1.085355
1.189999 -1.067929
1.199999 -1.050504
1.209999 -1.033078
1.219999 -1.015652
1.229999 -0.998226
1.239999 -0.980801
1.249999 -0.963375
1.259999 -0.945949
1.269999 -0.928523
1.279999 -0.911098
1.289999 -0.893672
1.299999 -0.876246
1.309999 -0.858820
1.319999 -0.841395
1.329999 -0.823969
1.339999 -0.806543
1.349999 -0.789117
1.359999 -0.771692
1.369999 -0.754266
1.379999 -0.736840
1.389999 -0.719414
1.399999 -0.701989
1.409999 -0.684563
1.419999 -0.667137
1.429999 -0.649711
1.439999 -0.632286
1.449999 -0.614860
1.459999 -0.597434
1.469999 -0.580008
1.479999 -0.562583
1.489999 -0.545157
1.499999 -0.527731
1.509999 -0.510306
1.519999 -0.492880
1.529999 -0.475454
1.539999 -0.458028
1.549999 -0.440603
1.559999 -0.423177
1.569999 -0.405751
1.579999 -0.388325
1.589999 -0.370900
1.599999 -0.353474
1.609999 -0.336048
1.619999 -0.318622
1.629999 -0.301197
1.639999 -0.283771
1.649999 -0.266345
1.659999 -0.248919
1.669999 -0.231494
1.679999 -0.214068
1.689999 -0.196642
1.699999 -0.179216
1.709999 -0.161791
1.719999 -0.144365
1.729999 -0.126939
1.739999 -0.109513
1.749999 -0.092088
1.759999 -0.074662
1.769999 -0.057236
1.779999 -0.039810
1.789999 -0.022385
1.799999 -0.004959
1.809999 0.012467
1.819999 0.029892
1.829999 0.047318
1.839999 0.064744
1.849999 0.082170
1.859999 0.099595
1.869999 0.117021
1.879999 0.134447
1.889999 0.151873
1.899999 0.169298
1.909999 0.186724
1.919999 0.204150
1.929999 0.221576
1.939999 0.239001
1.949998 0.256427
1.959998 0.273853
1.969998 0.291279
1.979998 0.308704
1.989998 0.326130
1.999998 0.343556
2.009999 0.360982
2.019999 0.378407
2.029999 0.395833
2.039999 0.413259
2.049999 0.430685
2.059999 0.448110
2.069999 0.465536
2.079998 0.482962
2.089998 0.500388
2.099998 0.517813
2.109998 0.535239
2.119998 0.552665
2.129998 0.570091
2.139998 0.587516
2.149998 0.604942
2.159998 0.622368
2.169998 0.639793
2.179998 0.657219
2.189998 0.674645
2.199998 0.692071
2.209998 0.709496
2.219998 0.726922
2.229998 0.744348
2.239998 0.761774
2.249998 0.779199
2.259998 0.796625
2.269998 0.814051
2.279998 0.831477
2.289998 0.848902
2.299998 0.866328
2.309998 0.883754
2.319998 0.901180
2.329998 0.918605
2.339998 0.936031
2.349998 0.953457
2.359998 0.970883
2.369998 0.988308
2.379998 1.005734
2.389998 1.023160
2.399998 1.040586
2.409998 1.058011
2.419998 1.075437
2.429998 1.092863
2.439998 1.110289
2.449998 1.127714
2.459998 1.145140
2.469998 1.162566
2.479998 1.179992
2.489998 1.197417
2.499998 1.214843
2.509998 1.232269
2.519998 1.249694
2.529998 1.267120
2.539998 1.284546
2.549998 1.301972
2.559998 1.319397
2.569998 1.336823
2.579998 1.354249
2.589998 1.371675
2.599998 1.389100
2.609998 1.406526
2.619998 1.423952
2.629998 1.441378
2.639998 1.458803
2.649998 1.476229
2.659998 1.493655
2.669998 1.511081
2.679998 1.528506
2.689998 1.545932
2.699998 1.563358
2.709998 1.580784
2.719998 1.598209
2.729998 1.615635
2.739998 1.633061
2.749998 1.650487
2.759998 1.667912
2.769998 1.685338
2.779998 1.702764
2.789998 1.720190
2.799998 1.737615
2.809998 1.755041
2.819998 1.772467
2.829998 1.789892
2.839998 1.807318
2.849998 1.824744
2.859998 1.842170
2.869998 1.859595
2.879998 1.877021
2.889998 1.894447
2.899998 1.911873
2.909998 1.929298
2.919998 1.946724
2.929998 1.964150
2.939998 1.981576
2.949998 1.999001
2.959998 2.016427
2.969998 2.033853
2.979998 2.051279
2.989998 2.068704
2.999998 2.086130
3.009998 2.103556
3.019998 2.120982
3.029998 2.138407
3.039998 2.155833
3.049998 2.173259
3.059998 2.190685
3.069998 2.208110
3.079998 2.225536
3.089998 2.242962
3.099998 2.260388
3.109998 2.277813
3.119998 2.295239
3.129997 2.312665
3.139997 2.330091
3.149997 2.347516
3.159997 2.364942
3.169997 2.382368
3.179997 2.399793
3.189997 2.417219
3.199997 2.434645
3.209997 2.452071
3.219997 2.469496
3.229997 2.486922
3.239997 2.504348
3.249997 2.521774
3.259997 2.539199
3.269997 2.556625
3.279997 2.574051
3.289997 2.591477
3.299997 2.608902
3.309997 2.626328
3.319997 2.643754
3.329997 2.661180
3.339997 2.678605
3.349997 2.696031
3.359997 2.713457
3.369997 2.730883
3.379997 2.748308
3.389997 2.765734
3.399997 2.783160
3.409997 2.800586
3.419997 2.818011
3.429997 2.835437
3.439997 2.852863
3.449997 2.870289
3.459997 2.887714
3.469997 2.905140
3.479997 2.922566
3.489997 2.939992
3.499997 2.957417
3.509997 2.974843
3.519997 2.992269
3.529997 3.009694
3.539997 3.027120
3.549997 3.044546
3.559997 3.061972
3.569997 3.079397
3.579997 3.096823
3.589997 3.114249
3.599997 3.131675
3.609997 3.149100
3.619997 3.166526
3.629997 3.183952
3.639997 3.201378
3.649997 3.218803
3.659997 3.236229
3.669997 3.253655
3.679997 3.271081
3.689997 3.288506
3.699997 3.305932
3.709997 3.323358
3.719997 3.340784
3.729997 3.358209
3.739997 3.375635
3.749997 3.393061
3.759997 3.410487
3.769997 3.427912
3.779997 3.445338
3.789997 3.462764
3.799997 3.480190
3.809997 3.497615
3.819997 3.515041
3.829997 3.532467
3.839997 3.549892
3.849997 3.567318
3.859997 3.584744
3.869997 3.602170
3.879997 3.619595
3.889997 3.637021
3.899997 3.654447
3.909997 3.671873
3.919997 3.689298
3.929997 3.706724
3.939997 3.724150
3.949997 3.741576
3.959997 3.759001
3.969997 3.776427
3.979997 3.793853
3.989997 3.811279
3.999997 3.828704
4.009997 3.846130
4.019997 3.863556
4.029997 3.880982
4.039998 3.898407
4.049998 3.915833
4.059998 3.933259
4.069998 3.950685
4.079998 3.968110
4.089999 3.985536
4.099999 4.002962
4.109999 4.020388
4.119999 4.037813
4.130000 4.055239
4.140000 4.072665
4.150000 4.090091
4.160000 4.107516
4.170001 4.124942
4.180001 4.142368
4.190001 4.159793
4.200001 4.177219
4.210001 4.194645
4.220002 4.212071
4.230002 4.229496
4.240002 4.246922
4.250002 4.264348
4.260003 4.281774
4.270003 4.299199
4.280003 4.316625
4.290003 4.334051
4.300004 4.351477
4.310004 4.368902
4.320004 4.386328
4.330004 4.403754
4.340004 4.421180
4.350005 4.438605
4.360005 4.456031
4.370005 4.473457
4.380005 4.490883
4.390006 4.508308
4.400006 4.525734
4.410006 4.543160
4.420006 4.560586
4.430007 4.578011
4.440007 4.595437
4.450007 4.612863
4.460007 4.630289
4.470007 4.647714
4.480008 4.665140
4.490008 4.682566
4.500008 4.699992
4.510008 4.717417
4.520009 4.734843
4.530009 4.752269
4.540009 4.769694
4.550009 4.787120
4.560009 4.804546
4.570010 4.821972
4.580010 4.839397
4.590010 4.856823
4.600010 4.874249
4.610011 4.891675
4.620011 4.909100
4.630011 4.926526
4.640011 4.943952
4.650012 4.961378
4.660012 4.978803
4.670012 4.996229
4.680012 5.013655
4.690012 5.031081
4.700013 5.048506
4.710013 5.065932
4.720013 5.083358
4.730013 5.100784
4.740014 5.118209
4.750014 5.135635
4.760014 5.153061
4.770014 5.170487
4.780015 5.187912
4.790015 5.205338
4.800015 5.222764
4.810015 5.240190
4.820015 5.257615
4.830016 5.275041
4.840016 5.292467
4.850016 5.309892
4.860016 5.327318
4.870017 5.344744
4.880017 5.362170
4.890017 5.379595
4.900017 5.397021
4.910017 5.414447
4.920018 5.431873
4.930018 5.449298
4.940018 5.466724
4.950018 5.484150
4.960019 5.501576
4.970019 5.519001
4.980019 5.536427
4.990019 5.553853
5.000020 5.571279
5.010020 5.588704
5.020020 5.606130
5.030020 5.623556
5.040020 5.640982
5.050021 5.658407
5.060021 5.675833
5.070021 5.693259
5.080021 5.710685
5.090022 5.728110
5.100022 5.745536
5.110022 5.762962
5.120022 5.780388
5.130023 5.797813
5.140023 5.815239
5.150023 5.832665
5.160023 5.850091
5.170023 5.867516
5.180024 5.884942
5.190024 5.902368
5.200024 5.919793
5.210024 5.937219
5.220025 5.954645
5.230025 5.972071
5.240025 5.989496
5.250025 6.006922
5.260026 6.024348
5.270026 6.041774
5.280026 6.059199
5.290026 6.076625
5.300026 6.094051
5.310027 6.111477
5.320027 6.128902
5.330027 6.146328
5.340027 6.163754
5.350028 6.181180
5.360028 6.198605
5.370028 6.216031
5.380028 6.233457
5.390028 6.250883
5.400029 6.268308
5.410029 6.285734
5.420029 6.303160
5.430029 6.320586
5.440030 6.338011
5.450030 6.355437
5.460030 6.372863
5.470030 6.390289
5.480031 6.407714
5.490031 6.425140
5.500031 6.442566
5.510031 6.459992
5.520031 6.477417
5.530032 6.494843
5.540032 6.512269
5.550032 6.529694
5.560032 6.547120
5.570033 6.564546
5.580033 6.581972
5.590033 6.599397
5.600033 6.616823
5.610034 6.634249
5.620034 6.651675
5.630034 6.669100
5.640034 6.686526
5.650034 6.703952
5.660035 6.721378
5.670035 6.738803
5.680035 6.756229
5.690035 6.773655
5.700036 6.791081
5.710036 6.808506
5.720036 6.825932
5.730036 6.843358
5.740036 6.860784
5.750037 6.878209
5.760037 6.895635
5.770037 6.913061
5.780037 6.930487
5.790038 6.947912
5.800038 6.965338
5.810038 6.982764
5.820038 7.000190
5.830039 7.017615
5.840039 7.035041
5.850039 7.052467
5.860039 7.069892
5.870039 7.087318
5.880040 7.104744
5.890040 7.122170
5.900040 7.139595
5.910040 7.157021
5.920041 7.174447
5.930041 7.191873
5.940041 7.209298
5.950041 7.226724
5.960042 7.244150
5.970042 7.261576
5.980042 7.279001
5.990042 7.296427
6.000042 7.313853
6.010043 7.331279
6.020043 7.348704
6.030043 7.366130
6.040043 7.383556
6.050044 7.400982
6.060044 7.418407
6.070044 7.435833
6.080044 7.453259
6.090044 7.470685
6.100045 7.488110
6.110045 7.505536
6.120045 7.522962
6.130045 7.540388
6.140046 7.557813
6.150046 7.575239
6.160046 7.592665
6.170046 7.610091
6.180047 7.627516
6.190047 7.644942
6.200047 7.662368
6.210047 7.679793
6.220047 7.697219
6.230048 7.714645
6.240048 7.732071
6.250048 7.749496
6.260048 7.766922
6.270049 7.784348
6.280049 7.801774
6.290049 7.819199
6.300049 7.836625
6.310050 7.854051
6.320050 7.871477
6.330050 7.888902
6.340050 7.906328
6.350050 7.923754
6.360051 7.941180
6.370051 7.958605
6.380051 7.976031
6.390051 7.993457
6.400052 8.010883
6.410052 8.028308
6.420052 8.045734
6.430052 8.063160
6.440053 8.080586
6.450053 8.098011
6.460053 8.115437
6.470053 8.132863
6.480053 8.150289
6.490054 8.167714
6.500054 8.185140
6.510054 8.202566
6.520054 8.219992
6.530055 8.237417
6.540055 8.254843
6.550055 8.272269
6.560055 8.289694
6.570055 8.307120
6.580056 8.324546
6.590056 8.341972
6.600056 8.359397
6.610056 8.376823
6.620057 8.394249
6.630057 8.411675
6.640057 8.429100
6.650057 8.446526
6.660058 8.463952
6.670058 8.481378
6.680058 8.498803
6.690058 8.516229
6.700058 8.533655
6.710059 8.551081
6.720059 8.568506
6.730059 8.585932
6.740059 8.603358
6.750060 8.620784
6.760060 8.638209
6.770060 8.655635
6.780060 8.673061
6.790061 8.690487
6.800061 8.707912
6.810061 8.725338
6.820061 8.742764
6.830061 8.760190
6.840062 8.777615
6.850062 8.795041
6.860062 8.812467
6.870062 8.829892
6.880063 8.847318
6.890063 8.864744
6.900063 8.882170
6.910063 8.899595
6.920063 8.917021
6.930064 8.934447
6.940064 8.951873
6.950064 8.969298
6.960064 8.986724
6.970065 9.004150
6.980065 9.021576
6.990065 9.039001
7.000065 9.056427
7.010066 9.073853
7.020066 9.091279
7.030066 9.108704
7.040066 9.126130
7.050066 9.143556
7.060067 9.160982
7.070067 9.178407
7.080067 9.195833
7.090067 9.213259
7.100068 9.230685
7.110068 9.248110
7.120068 9.265536
7.130068 9.282962
7.140069 9.300388
7.150069 9.317813
7.160069 9.335239
7.170069 9.352665
7.180069 9.370091
7.190070 9.387516
7.200070 9.404942
7.210070 9.422368
7.220070 9.439793
7.230071 9.457219
7.240071 9.474645
7.250071 9.492071
7.260071 9.509496
7.270072 9.526922
7.280072 9.544348
7.290072 9.561774
7.300072 9.579199
7.310072 9.596625
7.320073 9.614051
7.330073 9.631477
7.340073 9.648902
7.350073 9.666328
7.360074 9.683754
7.370074 9.701180
7.380074 9.718605
7.390074 9.736031
7.400074 9.753457
7.410075 9.770883
7.420075 9.788308
7.430075 9.805734
7.440075 9.823160
7.450076 9.840586
7.460076 9.858011
7.470076 9.875437
7.480076 9.892863
7.490077 9.910289
7.500077 9.927714
7.510077 9.945140
7.520077 9.962566
7.530077 9.979992
7.540078 9.997417
7.550078 10.014843
7.560078 10.032269
7.570078 10.049694
7.580079 10.067120
7.590079 10.084546
7.600079 10.101972
7.610079 10.119397
7.620080 10.136823
7.630080 10.154249
7.640080 10.171675
7.650080 10.189100
7.660080 10.206526
7.670081 10.223952
7.680081 10.241378
7.690081 10.258803
7.700081 10.276229
7.710082 10.293655
7.720082 10.311081
7.730082 10.328506
7.740082 10.345932
7.750082 10.363358
7.760083 10.380784
7.770083 10.398209
7.780083 10.415635
7.790083 10.433061
7.800084 10.450487
7.810084 10.467912
7.820084 10.485338
7.830084 10.502764
7.840085 10.520190
7.850085 10.537615
7.860085 10.555041
7.870085 10.572467
7.880085 10.589892
7.890086 10.607318
7.900086 10.624744
7.910086 10.642170
7.920086 10.659595
7.930087 10.677021
7.940087 10.694447
7.950087 10.711873
7.960087 10.729298
7.970088 10.746724
7.980088 10.764150
7.990088 10.781576
8.000088 10.799001
8.010088 10.816427
8.020088 10.833853
8.030088 10.851279
8.040089 10.868704
8.050089 10.886130
8.060089 10.903556
8.070089 10.920982
8.080090 10.938407
8.090090 10.955833
8.100090 10.973259
8.110090 10.990685
8.120090 11.008110
8.130091 11.025536
8.140091 11.042962
8.150091 11.060388
8.160091 11.077813
8.170092 11.095239
8.180092 11.112665
8.190092 11.130091
8.200092 11.147516
8.210093 11.164942
8.220093 11.182368
8.230093 11.199793
8.240093 11.217219
8.250093 11.234645
8.260094 11.252071
8.270094 11.269496
8.280094 11.286922
8.290094 11.304348
8.300095 11.321774
8.310095 11.339199
8.320095 11.356625
8.330095 11.374051
8.340096 11.391477
8.350096 11.408902
8.360096 11.426328
8.370096 11.443754
8.380096 11.461180
8.390097 11.478605
8.400097 11.496031
8.410097 11.513457
8.420097 11.530883
8.430098 11.548308
8.440098 11.565734
8.450098 11.583160
8.460098 11.600586
8.470098 11.618011
8.480099 11.635437
8.490099 11.652863
8.500099 11.670289
8.510099 11.687714
8.520100 11.705140
8.530100 11.722566
8.540100 11.739992
8.550100 11.757417
8.560101 11.774843
8.570101 11.792269
8.580101 11.809694
8.590101 11.827120
8.600101 11.844546
8.610102 11.861972
8.620102 11.879397
8.630102 11.896823
8.640102 11.914249
8.650103 11.931675
8.660103 11.949100
8.670103 11.966526
8.680103 11.983952
8.690104 12.001378
8.700104 12.018803
8.710104 12.036229
8.720104 12.053655
8.730104 12.071081
8.740105 12.088506
8.750105 12.105932
8.760105 12.123358
8.770105 12.140784
8.780106 12.158209
8.790106 12.175635
8.800106 12.193061
8.810106 12.210487
8.820107 12.227912
8.830107 12.245338
8.840107 12.262764
8.850107 12.280190
8.860107 12.297615
8.870108 12.315041
8.880108 12.332467
8.890108 12.349892
8.900108 12.367318
8.910109 12.384744
8.920109 12.402170
8.930109 12.419595
8.940109 12.437021
8.950109 12.454447
8.960110 12.471873
8.970110 12.489298
8.980110 12.506724
8.990110 12.524150
9.000111 12.541576
9.010111 12.559001
9.020111 12.576427
9.030111 12.593853
9.040112 12.611279
9.050112 12.628704
9.060112 12.646130
9.070112 12.663556
9.080112 12.680982
9.090113 12.698407
9.100113 12.715833
9.110113 12.733259
9.120113 12.750685
9.130114 12.768110
9.140114 12.785536
9.150114 12.802962
9.160114 12.820388
9.170115 12.837813
9.180115 12.855239
9.190115 12.872665
9.200115 12.890091
9.210115 12.907516
9.220116 12.924942
9.230116 12.942368
9.240116 12.959793
9.250116 12.977219
9.260117 12.994645
9.270117 13.012071
9.280117 13.029496
9.290117 13.046922
9.300117 13.064348
9.310118 13.081774
9.320118 13.099199
9.330118 13.116625
9.340118 13.134051
9.350119 13.151477
9.360119 13.168902
9.370119 13.186328
9.380119 13.203754
9.390120 13.221180
9.400120 13.238605
9.410120 13.256031
9.420120 13.273457
9.430120 13.290883
9.440121 13.308308
9.450121 13.325734
9.460121 13.343160
9.470121 13.360586
9.480122 13.378011
9.490122 13.395437
9.500122 13.412863
9.510122 13.430289
9.520123 13.447714
9.530123 13.465140
9.540123 13.482566
9.550123 13.499992
9.560123 13.517417
9.570124 13.534843
9.580124 13.552269
9.590124 13.569694
9.600124 13.587120
9.610125 13.604546
9.620125 13.621972
9.630125 13.639397
9.640125 13.656823
9.650126 13.674249
9.660126 13.691675
9.670126 13.709100
9.680126 13.726526
9.690126 13.743952
9.700127 13.761378
9.710127 13.778803
9.720127 13.796229
9.730127 13.813655
9.740128 13.831081
9.750128 13.848506
9.760128 13.865932
9.770128 13.883358
9.780128 13.900784
9.790129 13.918209
9.800129 13.935635
9.810129 13.953061
9.820129 13.970487
9.830130 13.987912
9.840130 14.005338
9.850130 14.022764
9.860130 14.040190
9.870131 14.057615
9.880131 14.075041
9.890131 14.092467
9.900131 14.109892
9.910131 14.127318
9.920132 14.144744
9.930132 14.162170
9.940132 14.179595
9.950132 14.197021
9.960133 14.214447
9.970133 14.231873
9.980133 14.249298
9.990133 14.266724
10.000134 14.284150
10.010134 14.301576
10.020134 14.319001
10.030134 14.336427
10.040134 14.353853
10.050135 14.371279
10.060135 14.388704
10.070135 14.406130
10.080135 14.423556
10.090136 14.440982
10.100136 14.458407
10.110136 14.475833
10.120136 14.493259
10.130136 14.510685
10.140137 14.528110
10.150137 14.545536
10.160137 14.562962
10.170137 14.580388
10.180138 14.597813
10.190138 14.615239
10.200138 14.632665
10.210138 14.650091
10.220139 14.667516
10.230139 14.684942
10.240139 14.702368
10.250139 14.719793
10.260139 14.737219
10.270140 14.754645
10.280140 14.772071
10.290140 14.789496
10.300140 14.806922
10.310141 14.824348
10.320141 14.841774
10.330141 14.859199
10.340141 14.876625
10.350142 14.894051
10.360142 14.911477
10.370142 14.928902
10.380142 14.946328
10.390142 14.963754
10.400143 14.981180
10.410143 14.998605
10.420143 15.016031
10.430143 15.033457
10.440144 15.050883
10.450144 15.068308
10.460144 15.085734
10.470144 15.103160
10.480145 15.120586
10.490145 15.138011
10.500145 15.155437
10.510145 15.172863
10.520145 15.190289
10.530146 15.207714
10.540146 15.225140
10.550146 15.242566
10.560146 15.259992
10.570147 15.277417
10.580147 15.294843
10.590147 15.312269
10.600147 15.329694
10.610147 15.347120
10.620148 15.364546
10.630148 15.381972
10.640148 15.399397
10.650148 15.416823
10.660149 15.434249
10.670149 15.451675
10.680149 15.469100
10.690149 15.486526
10.700150 15.503952
10.710150 15.521378
10.720150 15.538803
10.730150 15.556229
10.740150 15.573655
10.750151 15.591081
10.760151 15.608506
10.770151 15.625932
10.780151 15.643358
10.790152 15.660784
10.800152 15.678209
10.810152 15.695635
10.820152 15.713061
10.830153 15.730487
10.840153 15.747912
10.850153 15.765338
10.860153 15.782764
10.870153 15.800190
10.880154 15.817615
10.890154 15.835041
10.900154 15.852467
10.910154 15.869892
10.920155 15.887318
10.930155 15.904744
10.940155 15.922170
10.950155 15.939595
10.960155 15.957021
10.970156 15.974447
10.980156 15.991873
10.990156 16.009298
11.000156 16.026724
11.010157 16.044150
11.020157 16.061576
11.030157 16.079001
11.040157 16.096427
11.050158 16.113853
11.060158 16.131279
11.070158 16.148704
11.080158 16.166130
11.090158 16.183556
11.100159 16.200982
11.110159 16.218407
11.120159 16.235833
11.130159 16.253259
11.140160 16.270685
11.150160 16.288110
11.160160 16.305536
11.170160 16.322962
11.180161 16.340388
11.190161 16.357813
11.200161 16.375239
11.210161 16.392665
11.220161 16.410091
11.230162 16.427516
11.240162 16.444942
11.250162 16.462368
11.260162 16.479793
11.270163 16.497219
11.280163 16.514645
11.290163 16.532071
11.300163 16.549496
11.310163 16.566922
11.320164 16.584348
11.330164 16.601774
11.340164 16.619199
11.350164 16.636625
11.360165 16.654051
11.370165 16.671477
11.380165 16.688902
11.390165 16.706328
11.400166 16.723754
11.410166 16.741180
11.420166 16.758605
11.430166 16.776031
11.440166 16.793457
11.450167 16.810883
11.460167 16.828308
11.470167 16.845734
11.480167 16.863160
11.490168 16.880586
11.500168 16.898011
11.510168 16.915437
11.520168 16.932863
11.530169 16.950289
11.540169 16.967714
11.550169 16.985140
11.560169 17.002566
11.570169 17.019992
11.580170 17.037417
11.590170 17.054843
11.600170 17.072269
11.610170 17.089694
11.620171 17.107120
11.630171 17.124546
11.640171 17.141972
11.650171 17.159397
11.660172 17.176823
11.670172 17.194249
11.680172 17.211675
11.690172 17.229100
11.700172 17.246526
11.710173 17.263952
11.720173 17.281378
11.730173 17.298803
11.740173 17.316229
11.750174 17.333655
11.760174 17.351081
11.770174 17.368506
11.780174 17.385932
11.790174 17.403358
11.800175 17.420784
11.810175 17.438209
11.820175 17.455635
11.830175 17.473061
11.840176 17.490487
11.850176 17.507912
11.860176 17.525338
11.870176 17.542764
11.880177 17.560190
11.890177 17.577615
11.900177 17.595041
11.910177 17.612467
11.920177 17.629892
11.930178 17.647318
11.940178 17.664744
11.950178 17.682170
11.960178 17.699595
11.970179 17.717021
11.980179 17.734447
11.990179 17.751873
12.000179 17.769298
12.010180 17.786724
12.020180 17.804150
12.030180 17.821576
12.040180 17.839001
12.050180 17.856427
12.060181 17.873853
12.070181 17.891279
12.080181 17.908704
12.090181 17.926130
12.100182 17.943556
12.110182 17.960982
12.120182 17.978407
12.130182 17.995833
12.140182 18.013259
12.150183 18.030685
12.160183 18.048110
12.170183 18.065536
12.180183 18.082962
12.190184 18.100388
12.200184 18.117813
12.210184 18.135239
12.220184 18.152665
12.230185 18.170091
12.240185 18.187516
12.250185 18.204942
12.260185 18.222368
12.270185 18.239793
12.280186 18.257219
12.290186 18.274645
12.300186 18.292071
12.310186 18.309496
12.320187 18.326922
12.330187 18.344348
12.340187 18.361774
12.350187 18.379199
12.360188 18.396625
12.370188 18.414051
12.380188 18.431477
12.390188 18.448902
12.400188 18.466328
12.410189 18.483754
12.420189 18.501180
12.430189 18.518605
12.440189 18.536031
12.450190 18.553457
12.460190 18.570883
12.470190 18.588308
12.480190 18.605734
12.490191 18.623160
12.500191 18.640586
12.510191 18.658011
12.520191 18.675437
12.530191 18.692863
12.540192 18.710289
12.550192 18.727714
12.560192 18.745140
12.570192 18.762566
12.580193 18.779992
12.590193 18.797417
12.600193 18.814843
12.610193 18.832269
12.620193 18.849694
12.630194 18.867120
12.640194 18.884546
12.650194 18.901972
12.660194 18.919397
12.670195 18.936823
12.680195 18.954249
12.690195 18.971675
12.700195 18.989100
12.710196 19.006526
12.720196 19.023952
12.730196 19.041378
12.740196 19.058803
12.750196 19.076229
12.760197 19.093655
12.770197 19.111081
12.780197 19.128506
12.790197 19.145932
12.800198 19.163358
12.810198 19.180784
12.820198 19.198209
12.830198 19.215635
12.840199 19.233061
12.850199 19.250487
12.860199 19.267912
12.870199 19.285338
12.880199 19.302764
12.890200 19.320190
12.900200 19.337615
12.910200 19.355041
12.920200 19.372467
12.930201 19.389892
12.940201 19.407318
12.950201 19.424744
12.960201 19.442170
12.970201 19.459595
12.980202 19.477021
12.990202 19.494447
13.000202 19.511873
13.010202 19.529298
13.020203 19.546724
13.030203 19.564150
13.040203 19.581576
13.050203 19.599001
13.060204 19.616427
13.070204 19.633853
13.080204 19.651279
13.090204 19.668704
13.100204 19.686130
13.110205 19.703556
13.120205 19.720982
13.130205 19.738407
13.140205 19.755833
13.150206 19.773259
13.160206 19.790685
13.170206 19.808110
13.180206 19.825536
13.190207 19.842962
13.200207 19.860388
13.210207 19.877813
13.220207 19.895239
13.230207 19.912665
13.240208 19.930091
13.250208 19.947516
13.260208 19.964942
13.270208 19.982368
13.280209 19.999793
13.290209 20.017219
13.300209 20.034645
13.310209 20.052071
13.320210 20.069496
13.330210 20.086922
13.340210 20.104348
13.350210 20.121774
13.360210 20.139199
13.370211 20.156625
13.380211 20.174051
13.390211 20.191477
13.400211 20.208902
13.410212 20.226328
13.420212 20.243754
13.430212 20.261180
13.440212 20.278605
13.450212 20.296031
13.460213 20.313457
13.470213 20.330883
13.480213 20.348308
13.490213 20.365734
13.500214 20.383160
13.510214 20.400586
13.520214 20.418011
13.530214 20.435437
13.540215 20.452863
13.550215 20.470289
13.560215 20.487714
13.570215 20.505140
13.580215 20.522566
13.590216 20.539992
13.600216 20.557417
13.610216 20.574843
13.620216 20.592269
13.630217 20.609694
13.640217 20.627120
13.650217 20.644546
13.660217 20.661972
13.670218 20.679397
13.680218 20.696823
13.690218 20.714249
13.700218 20.731675
13.710218 20.749100
13.720219 20.766526
13.730219 20.783952
13.740219 20.801378
13.750219 20.818803
13.760220 20.836229
13.770220 20.853655
13.780220 20.871081
13.790220 20.888506
13.800220 20.905932
13.810221 20.923358
13.820221 20.940784
13.830221 20.958209
13.840221 20.975635
13.850222 20.993061
13.860222 21.010487
13.870222 21.027912
13.880222 21.045338
13.890223 21.062764
13.900223 21.080190
13.910223 21.097615
13.920223 21.115041
13.930223 21.132467
13.940224 21.149892
13.950224 21.167318
13.960224 21.184744
13.970224 21.202170
13.980225 21.219595
13.990225 21.237021
14.000225 21.254447
14.010225 21.271873
14.020226 21.289298
14.030226 21.306724
14.040226 21.324150
14.050226 21.341576
14.060226 21.359001
14.070227 21.376427
14.080227 21.393853
14.090227 21.411279
14.100227 21.428704
14.110228 21.446130
14.120228 21.463556
14.130228 21.480982
14.140228 21.498407
14.150229 21.515833
14.160229 21.533259
14.170229 21.550685
14.180229 21.568110
14.190229 21.585536
14.200230 21.602962
14.210230 21.620388
14.220230 21.637813
14.230230 21.655239
14.240231 21.672665
14.250231 21.690091
14.260231 21.707516
14.270231 21.724942
14.280231 21.742368
14.290232 21.759793
14.300232 21.777219
14.310232 21.794645
14.320232 21.812071
14.330233 21.829496
14.340233 21.846922
14.350233 21.864348
14.360233 21.881774
14.370234 21.899199
14.380234 21.916625
14.390234 21.934051
14.400234 21.951477
14.410234 21.968902
14.420235 21.986328
14.430235 22.003754
14.440235 22.021180
14.450235 22.038605
14.460236 22.056031
14.470236 22.073457
14.480236 22.090883
14.490236 22.108308
14.500237 22.125734
14.510237 22.143160
14.520237 22.160586
14.530237 22.178011
14.540237 22.195437
14.550238 22.212863
14.560238 22.230289
14.570238 22.247714
14.580238 22.265140
14.590239 22.282566
14.600239 22.299992
14.610239 22.317417
14.620239 22.334843
14.630239 22.352269
14.640240 22.369694
14.650240 22.387120
14.660240 22.404546
14.670240 22.421972
14.680241 22.439397
14.690241 22.456823
14.700241 22.474249
14.710241 22.491675
14.720242 22.509100
14.730242 22.526526
14.740242 22.543952
14.750242 22.561378
14.760242 22.578803
14.770243 22.596229
14.780243 22.613655
14.790243 22.631081
14.800243 22.648506
14.810244 22.665932
14.820244 22.683358
14.830244 22.700784
14.840244 22.718209
14.850245 22.735635
14.860245 22.753061
14.870245 22.770487
14.880245 22.787912
14.890245 22.805338
14.900246 22.822764
14.910246 22.840190
14.920246 22.857615
14.930246 22.875041
14.940247 22.892467
14.950247 22.909892
14.960247 22.927318
14.970247 22.944744
14.980247 22.962170
14.990248 22.979595
15.000248 22.997021
15.010248 23.014447
15.020248 23.031873
15.030249 23.049298
15.040249 23.066724
15.050249 23.084150
15.060249 23.101576
15.070250 23.119001
15.080250 23.136427
15.090250 23.153853
15.100250 23.171279
15.110250 23.188704
15.120251 23.206130
15.130251 23.223556
15.140251 23.240982
15.150251 23.258407
15.160252 23.275833
15.170252 23.293259
15.180252 23.310685
15.190252 23.328110
15.200253 23.345536
15.210253 23.362962
15.220253 23.380388
15.230253 23.397813
15.240253 23.415239
15.250254 23.432665
15.260254 23.450091
15.270254 23.467516
15.280254 23.484942
15.290255 23.502368
15.300255 23.519793
15.310255 23.537219
15.320255 23.554645
15.330256 23.572071
15.340256 23.589496
15.350256 23.606922
15.360256 23.624348
15.370256 23.641774
15.380257 23.659199
15.390257 23.676625
15.400257 23.694051
15.410257 23.711477
15.420258 23.728902
15.430258 23.746328
15.440258 23.763754
15.450258 23.781180
15.460258 23.798605
15.470259 23.816031
15.480259 23.833457
15.490259 23.850883
15.500259 23.868308
15.510260 23.885734
15.520260 23.903160
15.530260 23.920586
15.540260 23.938011
15.550261 23.955437
15.560261 23.972863
15.570261 23.990289
15.580261 24.007714
15.590261 24.025140
15.600262 24.042566
15.610262 24.059992
15.620262 24.077417
15.630262 24.094843
15.640263 24.112269
15.650263 24.129694
15.660263 24.147120
15.670263 24.164546
15.680264 24.181972
15.690264 24.199397
15.700264 24.216823
15.710264 24.234249
15.720264 24.251675
15.730265 24.269100
15.740265 24.286526
15.750265 24.303952
15.760265 24.321378
15.770266 24.338803
15.780266 24.356229
15.790266 24.373655
15.800266 24.391081
15.810266 24.408506
15.820267 24.425932
15.830267 24.443358
15.840267 24.460784
15.850267 24.478209
15.860268 24.495635
15.870268 24.513061
15.880268 24.530487
15.890268 24.547912
15.900269 24.565338
15.910269 24.582764
15.920269 24.600190
15.930269 24.617615
15.940269 24.635041
15.950270 24.652467
15.960270 24.669892
15.970270 24.687318
15.980270 24.704744
15.990271 24.722170
16.000271 24.739595
16.010271 24.757021
16.020271 24.774447
16.030272 24.791873
16.040272 24.809298
16.050272 24.826724
16.060272 24.844150
16.070272 24.861576
16.080273 24.879001
16.090273 24.896427
16.100273 24.913853
16.110273 24.931279
16.120274 24.948704
16.130274 24.966130
16.140274 24.983556
16.150274 25.000982
16.160275 25.018407
16.170275 25.035833
16.180275 25.053259
16.190275 25.070685
16.200275 25.088110
16.210276 25.105536
16.220276 25.122962
16.230276 25.140388
16.240276 25.157813
16.250277 25.175239
16.260277 25.192665
16.270277 25.210091
16.280277 25.227516
16.290277 25.244942
16.300278 25.262368
16.310278 25.279793
16.320278 25.297219
16.330278 25.314645
16.340279 25.332071
16.350279 25.349496
16.360279 25.366922
16.370279 25.384348
16.380280 25.401774
16.390280 25.419199
16.400280 25.436625
16.410280 25.454051
16.420280 25.471477
16.430281 25.488902
16.440281 25.506328
16.450281 25.523754
16.460281 25.541180
16.470282 25.558605
16.480282 25.576031
16.490282 25.593457
16.500282 25.610883
16.510283 25.628308
16.520283 25.645734
16.530283 25.663160
16.540283 25.680586
16.550283 25.698011
16.560284 25.715437
16.570284 25.732863
16.580284 25.750289
16.590284 25.767714
16.600285 25.785140
16.610285 25.802566
16.620285 25.819992
16.630285 25.837417
16.640285 25.854843
16.650286 25.872269
16.660286 25.889694
16.670286 25.907120
16.680286 25.924546
16.690287 25.941972
16.700287 25.959397
16.710287 25.976823
16.720287 25.994249
16.730288 26.011675
16.740288 26.029100
16.750288 26.046526
16.760288 26.063952
16.770288 26.081378
16.780289 26.098803
16.790289 26.116229
16.800289 26.133655
16.810289 26.151081
16.820290 26.168506
16.830290 26.185932
16.840290 26.203358
16.850290 26.220784
16.860291 26.238209
16.870291 26.255635
16.880291 26.273061
16.890291 26.290487
16.900291 26.307912
16.910292 26.325338
16.920292 26.342764
16.930292 26.360190
16.940292 26.377615
16.950293 26.395041
16.960293 26.412467
16.970293 26.429892
16.980293 26.447318
16.990294 26.464744
17.000294 26.482170
17.010294 26.499595
17.020294 26.517021
17.030294 26.534447
17.040295 26.551873
17.050295 26.569298
17.060295 26.586724
17.070295 26.604150
17.080296 26.621576
17.090296 26.639001
17.100296 26.656427
17.110296 26.673853
17.120296 26.691279
17.130297 26.708704
17.140297 26.726130
17.150297 26.743556
17.160297 26.760982
17.170298 26.778407
17.180298 26.795833
17.190298 26.813259
17.200298 26.830685
17.210299 26.848110
17.220299 26.865536
17.230299 26.882962
17.240299 26.900388
17.250299 26.917813
17.260300 26.935239
17.270300 26.952665
17.280300 26.970091
17.290300 26.987516
17.300301 27.004942
17.310301 27.022368
17.320301 27.039793
17.330301 27.057219
17.340302 27.074645
17.350302 27.092071
17.360302 27.109496
17.370302 27.126922
17.380302 27.144348
17.390303 27.161774
17.400303 27.179199
17.410303 27.196625
17.420303 27.214051
17.430304 27.231477
17.440304 27.248902
17.450304 27.266328
17.460304 27.283754
17.470304 27.301180
17.480305 27.318605
17.490305 27.336031
17.500305 27.353457
17.510305 27.370883
17.520306 27.388308
17.530306 27.405734
17.540306 27.423160
17.550306 27.440586
17.560307 27.458011
17.570307 27.475437
17.580307 27.492863
17.590307 27.510289
17.600307 27.527714
17.610308 27.545140
17.620308 27.562566
17.630308 27.579992
17.640308 27.597417
17.650309 27.614843
17.660309 27.632269
17.670309 27.649694
17.680309 27.667120
17.690310 27.684546
17.700310 27.701972
17.710310 27.719397
17.720310 27.736823
17.730310 27.754249
17.740311 27.771675
17.750311 27.789100
17.760311 27.806526
17.770311 27.823952
17.780312 27.841378
17.790312 27.858803
17.800312 27.876229
17.810312 27.893655
17.820312 27.911081
17.830313 27.928506
17.840313 27.945932
17.850313 27.963358
17.860313 27.980784
17.870314 27.998209
17.880314 28.015635
17.890314 28.033061
17.900314 28.050487
17.910315 28.067912
17.920315 28.085338
17.930315 28.102764
17.940315 28.120190
17.950315 28.137615
17.960316 28.155041
17.970316 28.172467
17.980316 28.189892
17.990316 28.207318
18.000317 28.224744
18.010317 28.242170
18.020317 28.259595
18.030317 28.277021
18.040318 28.294447
18.050318 28.311873
18.060318 28.329298
18.070318 28.346724
18.080318 28.364150
18.090319 28.381576
18.100319 28.399001
18.110319 28.416427
18.120319 28.433853
18.130320 28.451279
18.140320 28.468704
18.150320 28.486130
18.160320 28.503556
18.170321 28.520982
18.180321 28.538407
18.190321 28.555833
18.200321 28.573259
18.210321 28.590685
18.220322 28.608110
18.230322 28.625536
18.240322 28.642962
18.250322 28.660388
18.260323 28.677813
18.270323 28.695239
18.280323 28.712665
18.290323 28.730091
18.300323 28.747516
18.310324 28.764942
18.320324 28.782368
18.330324 28.799793
18.340324 28.817219
18.350325 28.834645
18.360325 28.852071
18.370325 28.869496
18.380325 28.886922
18.390326 28.904348
18.400326 28.921774
18.410326 28.939199
18.420326 28.956625
18.430326 28.974051
18.440327 28.991477
18.450327 29.008902
18.460327 29.026328
18.470327 29.043754
18.480328 29.061180
18.490328 29.078605
18.500328 29.096031
18.510328 29.113457
18.520329 29.130883
18.530329 29.148308
18.540329 29.165734
18.550329 29.183160
18.560329 29.200586
18.570330 29.218011
18.580330 29.235437
18.590330 29.252863
18.600330 29.270289
18.610331 29.287714
18.620331 29.305140
18.630331 29.322566
18.640331 29.339992
18.650331 29.357417
18.660332 29.374843
18.670332 29.392269
18.680332 29.409694
18.690332 29.427120
18.700333 29.444546
18.710333 29.461972
18.720333 29.479397
18.730333 29.496823
18.740334 29.514249
18.750334 29.531675
18.760334 29.549100
18.770334 29.566526
18.780334 29.583952
18.790335 29.601378
18.800335 29.618803
18.810335 29.636229
18.820335 29.653655
18.830336 29.671081
18.840336 29.688506
18.850336 29.705932
18.860336 29.723358
18.870337 29.740784
18.880337 29.758209
18.890337 29.775635
18.900337 29.793061
18.910337 29.810487
18.920338 29.827912
18.930338 29.845338
18.940338 29.862764
18.950338 29.880190
18.960339 29.897615
18.970339 29.915041
18.980339 29.932467
18.990339 29.949892
19.000340 29.967318
19.010340 29.984744
19.020340 30.002170
19.030340 30.019595
19.040340 30.037021
19.050341 30.054447
19.060341 30.071873
19.070341 30.089298
19.080341 30.106724
19.090342 30.124150
19.100342 30.141576
19.110342 30.159001
19.120342 30.176427
19.130342 30.193853
19.140343 30.211279
19.150343 30.228704
19.160343 30.246130
19.170343 30.263556
19.180344 30.280982
19.190344 30.298407
19.200344 30.315833
19.210344 30.333259
19.220345 30.350685
19.230345 30.368110
19.240345 30.385536
19.250345 30.402962
19.260345 30.420388
19.270346 30.437813
19.280346 30.455239
19.290346 30.472665
19.300346 30.490091
19.310347 30.507516
19.320347 30.524942
19.330347 30.542368
19.340347 30.559793
19.350348 30.577219
19.360348 30.594645
19.370348 30.612071
19.380348 30.629496
19.390348 30.646922
19.400349 30.664348
19.410349 30.681774
19.420349 30.699199
19.430349 30.716625
19.440350 30.734051
19.450350 30.751477
19.460350 30.768902
19.470350 30.786328
19.480350 30.803754
19.490351 30.821180
19.500351 30.838605
19.510351 30.856031
19.520351 30.873457
19.530352 30.890883
19.540352 30.908308
19.550352 30.925734
19.560352 30.943160
19.570353 30.960586
19.580353 30.978011
19.590353 30.995437
19.600353 31.012863
19.610353 31.030289
19.620354 31.047714
19.630354 31.065140
19.640354 31.082566
19.650354 31.099992
19.660355 31.117417
19.670355 31.134843
19.680355 31.152269
19.690355 31.169694
19.700356 31.187120
19.710356 31.204546
19.720356 31.221972
19.730356 31.239397
19.740356 31.256823
19.750357 31.274249
19.760357 31.291675
19.770357 31.309100
19.780357 31.326526
19.790358 31.343952
19.800358 31.361378
19.810358 31.378803
19.820358 31.396229
19.830359 31.413655
19.840359 31.431081
19.850359 31.448506
19.860359 31.465932
19.870359 31.483358
19.880360 31.500784
19.890360 31.518209
19.900360 31.535635
19.910360 31.553061
19.920361 31.570487
19.930361 31.587912
19.940361 31.605338
19.950361 31.622764
19.960361 31.640190
19.970362 31.657615
19.980362 31.675041
19.990362 31.692467
20.000362 31.709892
20.010363 31.727318
20.020363 31.744744
20.030363 31.762170
20.040363 31.779595
20.050364 31.797021
20.060364 31.814447
20.070364 31.831873
20.080364 31.849298
20.090364 31.866724
20.100365 31.884150
20.110365 31.901576
20.120365 31.919001
20.130365 31.936427
20.140366 31.953853
20.150366 31.971279
20.160366 31.988704
20.170366 32.006130
20.180367 32.023556
20.190367 32.040982
20.200367 32.058407
20.210367 32.075833
20.220367 32.093259
20.230368 32.110685
20.240368 32.128110
20.250368 32.145536
20.260368 32.162962
20.270369 32.180388
20.280369 32.197813
20.290369 32.215239
20.300369 32.232665
20.310369 32.250091
20.320370 32.267516
20.330370 32.284942
20.340370 32.302368
20.350370 32.319793
20.360371 32.337219
20.370371 32.354645
20.380371 32.372071
20.390371 32.389496
20.400372 32.406922
20.410372 32.424348
20.420372 32.441774
20.430372 32.459199
20.440372 32.476625
20.450373 32.494051
20.460373 32.511477
20.470373 32.528902
20.480373 32.546328
20.490374 32.563754
20.500374 32.581180
20.510374 32.598605
20.520374 32.616031
20.530375 32.633457
20.540375 32.650883
20.550375 32.668308
20.560375 32.685734
20.570375 32.703160
20.580376 32.720586
20.590376 32.738011
20.600376 32.755437
20.610376 32.772863
20.620377 32.790289
20.630377 32.807714
20.640377 32.825140
20.650377 32.842566
20.660378 32.859992
20.670378 32.877417
20.680378 32.894843
20.690378 32.912269
20.700378 32.929694
20.710379 32.947120
20.720379 32.964546
20.730379 32.981972
20.740379 32.999397
20.750380 33.016823
20.760380 33.034249
20.770380 33.051675
20.780380 33.069100
20.790380 33.086526
20.800381 33.103952
20.810381 33.121378
20.820381 33.138803
20.830381 33.156229
20.840382 33.173655
20.850382 33.191081
20.860382 33.208506
20.870382 33.225932
20.880383 33.243358
20.890383 33.260784
20.900383 33.278209
20.910383 33.295635
20.920383 33.313061
20.930384 33.330487
20.940384 33.347912
20.950384 33.365338
20.960384 33.382764
20.970385 33.400190
20.980385 33.417615
20.990385 33.435041
21.000385 33.452467
21.010386 33.469892
21.020386 33.487318
21.030386 33.504744
21.040386 33.522170
21.050386 33.539595
21.060387 33.557021
21.070387 33.574447
21.080387 33.591873
21.090387 33.609298
21.100388 33.626724
21.110388 33.644150
21.120388 33.661576
21.130388 33.679001
21.140388 33.696427
21.150389 33.713853
21.160389 33.731279
21.170389 33.748704
21.180389 33.766130
21.190390 33.783556
21.200390 33.800982
21.210390 33.818407
21.220390 33.835833
21.230391 33.853259
21.240391 33.870685
21.250391 33.888110
21.260391 33.905536
21.270391 33.922962
21.280392 33.940388
21.290392 33.957813
21.300392 33.975239
21.310392 33.992665
21.320393 34.010091
21.330393 34.027516
21.340393 34.044942
21.350393 34.062368
21.360394 34.079793
21.370394 34.097219
21.380394 34.114645
21.390394 34.132071
21.400394 34.149496
21.410395 34.166922
21.420395 34.184348
21.430395 34.201774
21.440395 34.219199
21.450396 34.236625
21.460396 34.254051
21.470396 34.271477
21.480396 34.288902
21.490396 34.306328
21.500397 34.323754
21.510397 34.341180
21.520397 34.358605
21.530397 34.376031
21.540398 34.393457
21.550398 34.410883
21.560398 34.428308
21.570398 34.445734
21.580399 34.463160
21.590399 34.480586
21.600399 34.498011
21.610399 34.515437
21.620399 34.532863
21.630400 34.550289
21.640400 34.567714
21.650400 34.585140
21.660400 34.602566
21.670401 34.619992
21.680401 34.637417
21.690401 34.654843
21.700401 34.672269
21.710402 34.689694
21.720402 34.707120
21.730402 34.724546
21.740402 34.741972
21.750402 34.759397
21.760403 34.776823
21.770403 34.794249
21.780403 34.811675
21.790403 34.829100
21.800404 34.846526
21.810404 34.863952
21.820404 34.881378
21.830404 34.898803
21.840405 34.916229
21.850405 34.933655
21.860405 34.951081
21.870405 34.968506
21.880405 34.985932
21.890406 35.003358
21.900406 35.020784
21.910406 35.038209
21.920406 35.055635
21.930407 35.073061
21.940407 35.090487
21.950407 35.107912
21.960407 35.125338
21.970407 35.142764
21.980408 35.160190
21.990408 35.177615
22.000408 35.195041
22.010408 35.212467
22.020409 35.229892
22.030409 35.247318
22.040409 35.264744
22.050409 35.282170
22.060410 35.299595
22.070410 35.317021
22.080410 35.334447
22.090410 35.351873
22.100410 35.369298
22.110411 35.386724
22.120411 35.404150
22.130411 35.421576
22.140411 35.439001
22.150412 35.456427
22.160412 35.473853
22.170412 35.491279
22.180412 35.508704
22.190413 35.526130
22.200413 35.543556
22.210413 35.560982
22.220413 35.578407
22.230413 35.595833
22.240414 35.613259
22.250414 35.630685
22.260414 35.648110
22.270414 35.665536
22.280415 35.682962
22.290415 35.700388
22.300415 35.717813
22.310415 35.735239
22.320415 35.752665
22.330416 35.770091
22.340416 35.787516
22.350416 35.804942
22.360416 35.822368
22.370417 35.839793
22.380417 35.857219
22.390417 35.874645
22.400417 35.892071
22.410418 35.909496
22.420418 35.926922
22.430418 35.944348
22.440418 35.961774
22.450418 35.979199
22.460419 35.996625
22.470419 36.014051
22.480419 36.031477
22.490419 36.048902
22.500420 36.066328
22.510420 36.083754
22.520420 36.101180
22.530420 36.118605
22.540421 36.136031
22.550421 36.153457
22.560421 36.170883
22.570421 36.188308
22.580421 36.205734
22.590422 36.223160
22.600422 36.240586
22.610422 36.258011
22.620422 36.275437
22.630423 36.292863
22.640423 36.310289
22.650423 36.327714
22.660423 36.345140
22.670424 36.362566
22.680424 36.379992
22.690424 36.397417
22.700424 36.414843
22.710424 36.432269
22.720425 36.449694
22.730425 36.467120
22.740425 36.484546
22.750425 36.501972
22.760426 36.519397
22.770426 36.536823
22.780426 36.554249
22.790426 36.571675
22.800426 36.589100
22.810427 36.606526
22.820427 36.623952
22.830427 36.641378
22.840427 36.658803
22.850428 36.676229
22.860428 36.693655
22.870428 36.711081
22.880428 36.728506
22.890429 36.745932
22.900429 36.763358
22.910429 36.780784
22.920429 36.798209
22.930429 36.815635
22.940430 36.833061
22.950430 36.850487
22.960430 36.867912
22.970430 36.885338
22.980431 36.902764
22.990431 36.920190
23.000431 36.937615
23.010431 36.955041
23.020432 36.972467
23.030432 36.989892
23.040432 37.007318
23.050432 37.024744
23.060432 37.042170
23.070433 37.059595
23.080433 37.077021
23.090433 37.094447
23.100433 37.111873
23.110434 37.129298
23.120434 37.146724
23.130434 37.164150
23.140434 37.181576
23.150434 37.199001
23.160435 37.216427
23.170435 37.233853
23.180435 37.251279
23.190435 37.268704
23.200436 37.286130
23.210436 37.303556
23.220436 37.320982
23.230436 37.338407
23.240437 37.355833
23.250437 37.373259
23.260437 37.390685
23.270437 37.408110
23.280437 37.425536
23.290438 37.442962
23.300438 37.460388
23.310438 37.477813
23.320438 37.495239
23.330439 37.512665
23.340439 37.530091
23.350439 37.547516
23.360439 37.564942
23.370440 37.582368
23.380440 37.599793
23.390440 37.617219
23.400440 37.634645
23.410440 37.652071
23.420441 37.669496
23.430441 37.686922
23.440441 37.704348
23.450441 37.721774
23.460442 37.739199
23.470442 37.756625
23.480442 37.774051
23.490442 37.791477
23.500443 37.808902
23.510443 37.826328
23.520443 37.843754
23.530443 37.861180
23.540443 37.878605
23.550444 37.896031
23.560444 37.913457
23.570444 37.930883
23.580444 37.948308
23.590445 37.965734
23.600445 37.983160
23.610445 38.000586
23.620445 38.018011
23.630445 38.035437
23.640446 38.052863
23.650446 38.070289
23.660446 38.087714
23.670446 38.105140
23.680447 38.122566
23.690447 38.139992
23.700447 38.157417
23.710447 38.174843
23.720448 38.192269
23.730448 38.209694
23.740448 38.227120
23.750448 38.244546
23.760448 38.261972
23.770449 38.279397
23.780449 38.296823
23.790449 38.314249
23.800449 38.331675
23.810450 38.349100
23.820450 38.366526
23.830450 38.383952
23.840450 38.401378
23.850451 38.418803
23.860451 38.436229
23.870451 38.453655
23.880451 38.471081
23.890451 38.488506
23.900452 38.505932
23.910452 38.523358
23.920452 38.540784
23.930452 38.558209
23.940453 38.575635
23.950453 38.593061
23.960453 38.610487
23.970453 38.627912
23.980453 38.645338
23.990454 38.662764
24.000454 38.680190
24.010454 38.697615
24.020454 38.715041
24.030455 38.732467
24.040455 38.749892
24.050455 38.767318
24.060455 38.784744
24.070456 38.802170
24.080456 38.819595
24.090456 38.837021
24.100456 38.854447
24.110456 38.871873
24.120457 38.889298
24.130457 38.906724
24.140457 38.924150
24.150457 38.941576
24.160458 38.959001
24.170458 38.976427
24.180458 38.993853
24.190458 39.011279
24.200459 39.028704
24.210459 39.046130
24.220459 39.063556
24.230459 39.080982
24.240459 39.098407
24.250460 39.115833
24.260460 39.133259
24.270460 39.150685
24.280460 39.168110
24.290461 39.185536
24.300461 39.202962
24.310461 39.220388
24.320461 39.237813
24.330462 39.255239
24.340462 39.272665
24.350462 39.290091
24.360462 39.307516
24.370462 39.324942
24.380463 39.342368
24.390463 39.359793
24.400463 39.377219
24.410463 39.394645
24.420464 39.412071
24.430464 39.429496
24.440464 39.446922
24.450464 39.464348
24.460464 39.481774
24.470465 39.499199
24.480465 39.516625
24.490465 39.534051
24.500465 39.551477
24.510466 39.568902
24.520466 39.586328
24.530466 39.603754
24.540466 39.621180
24.550467 39.638605
24.560467 39.656031
24.570467 39.673457
24.580467 39.690883
24.590467 39.708308
24.600468 39.725734
24.610468 39.743160
24.620468 39.760586
24.630468 39.778011
24.640469 39.795437
24.650469 39.812863
24.660469 39.830289
24.670469 39.847714
24.680470 39.865140
24.690470 39.882566
24.700470 39.899992
24.710470 39.917417
24.720470 39.934843
24.730471 39.952269
24.740471 39.969694
24.750471 39.987120
24.760471 40.004546
24.770472 40.021972
24.780472 40.039397
24.790472 40.056823
24.800472 40.074249
24.810472 40.091675
24.820473 40.109100
24.830473 40.126526
24.840473 40.143952
24.850473 40.161378
24.860474 40.178803
24.870474 40.196229
24.880474 40.213655
24.890474 40.231081
24.900475 40.248506
24.910475 40.265932
24.920475 40.283358
24.930475 40.300784
24.940475 40.318209
24.950476 40.335635
24.960476 40.353061
24.970476 40.370487
24.980476 40.387912
24.990477 40.405338
25.000477 40.422764
25.010477 40.440190
25.020477 40.457615
25.030478 40.475041
25.040478 40.492467
25.050478 40.509892
25.060478 40.527318
25.070478 40.544744
25.080479 40.562170
25.090479 40.579595
25.100479 40.597021
25.110479 40.614447
25.120480 40.631873
25.130480 40.649298
25.140480 40.666724
25.150480 40.684150
25.160480 40.701576
25.170481 40.719001
25.180481 40.736427
25.190481 40.753853
25.200481 40.771279
25.210482 40.788704
25.220482 40.806130
25.230482 40.823556
25.240482 40.840982
25.250483 40.858407
25.260483 40.875833
25.270483 40.893259
25.280483 40.910685
25.290483 40.928110
25.300484 40.945536
25.310484 40.962962
25.320484 40.980388
25.330484 40.997813
25.340485 41.015239
25.350485 41.032665
25.360485 41.050091
25.370485 41.067516
25.380486 41.084942
25.390486 41.102368
25.400486 41.119793
25.410486 41.137219
25.420486 41.154645
25.430487 41.172071
25.440487 41.189496
25.450487 41.206922
25.460487 41.224348
25.470488 41.241774
25.480488 41.259199
25.490488 41.276625
25.500488 41.294051
25.510489 41.311477
25.520489 41.328902
25.530489 41.346328
25.540489 41.363754
25.550489 41.381180
25.560490 41.398605
25.570490 41.416031
25.580490 41.433457
25.590490 41.450883
25.600491 41.468308
25.610491 41.485734
25.620491 41.503160
25.630491 41.520586
25.640491 41.538011
25.650492 41.555437
25.660492 41.572863
25.670492 41.590289
25.680492 41.607714
25.690493 41.625140
25.700493 41.642566
25.710493 41.659992
25.720493 41.677417
25.730494 41.694843
25.740494 41.712269
25.750494 41.729694
25.760494 41.747120
25.770494 41.764546
25.780495 41.781972
25.790495 41.799397
25.800495 41.816823
25.810495 41.834249
25.820496 41.851675
25.830496 41.869100
25.840496 41.886526
25.850496 41.903952
25.860497 41.921378
25.870497 41.938803
25.880497 41.956229
25.890497 41.973655
25.900497 41.991081
25.910498 42.008506
25.920498 42.025932
25.930498 42.043358
25.940498 42.060784
25.950499 42.078209
25.960499 42.095635
25.970499 42.113061
25.980499 42.130487
25.990499 42.147912
26.000500 42.165338
26.010500 42.182764
26.020500 42.200190
26.030500 42.217615
26.040501 42.235041
26.050501 42.252467
26.060501 42.269892
26.070501 42.287318
26.080502 42.304744
26.090502 42.322170
26.100502 42.339595
26.110502 42.357021
26.120502 42.374447
26.130503 42.391873
26.140503 42.409298
26.150503 42.426724
26.160503 42.444150
26.170504 42.461576
26.180504 42.479001
26.190504 42.496427
26.200504 42.513853
26.210505 42.531279
26.220505 42.548704
26.230505 42.566130
26.240505 42.583556
26.250505 42.600982
26.260506 42.618407
26.270506 42.635833
26.280506 42.653259
26.290506 42.670685
26.300507 42.688110
26.310507 42.705536
26.320507 42.722962
26.330507 42.740388
26.340508 42.757813
26.350508 42.775239
26.360508 42.792665
26.370508 42.810091
26.380508 42.827516
26.390509 42.844942
26.400509 42.862368
26.410509 42.879793
26.420509 42.897219
26.430510 42.914645
26.440510 42.932071
26.450510 42.949496
26.460510 42.966922
26.470510 42.984348
26.480511 43.001774
26.490511 43.019199
26.500511 43.036625
26.510511 43.054051
26.520512 43.071477
26.530512 43.088902
26.540512 43.106328
26.550512 43.123754
26.560513 43.141180
26.570513 43.158605
26.580513 43.176031
26.590513 43.193457
26.600513 43.210883
26.610514 43.228308
26.620514 43.245734
26.630514 43.263160
26.640514 43.280586
26.650515 43.298011
26.660515 43.315437
26.670515 43.332863
26.680515 43.350289
26.690516 43.367714
26.700516 43.385140
26.710516 43.402566
26.720516 43.419992
26.730516 43.437417
26.740517 43.454843
26.750517 43.472269
26.760517 43.489694
26.770517 43.507120
26.780518 43.524546
26.790518 43.541972
26.800518 43.559397
26.810518 43.576823
26.820518 43.594249
26.830519 43.611675
26.840519 43.629100
26.850519 43.646526
26.860519 43.663952
26.870520 43.681378
26.880520 43.698803
26.890520 43.716229
26.900520 43.733655
26.910521 43.751081
26.920521 43.768506
26.930521 43.785932
26.940521 43.803358
26.950521 43.820784
26.960522 43.838209
26.970522 43.855635
26.980522 43.873061
26.990522 43.890487
27.000523 43.907912
27.010523 43.925338
27.020523 43.942764
27.030523 43.960190
27.040524 43.977615
27.050524 43.995041
27.060524 44.012467
27.070524 44.029892
27.080524 44.047318
27.090525 44.064744
27.100525 44.082170
27.110525 44.099595
27.120525 44.117021
27.130526 44.134447
27.140526 44.151873
27.150526 44.169298
27.160526 44.186724
27.170527 44.204150
27.180527 44.221576
27.190527 44.239001
27.200527 44.256427
27.210527 44.273853
27.220528 44.291279
27.230528 44.308704
27.240528 44.326130
27.250528 44.343556
27.260529 44.360982
27.270529 44.378407
27.280529 44.395833
27.290529 44.413259
27.300529 44.430685
27.310530 44.448110
27.320530 44.465536
27.330530 44.482962
27.340530 44.500388
27.350531 44.517813
27.360531 44.535239
27.370531 44.552665
27.380531 44.570091
27.390532 44.587516
27.400532 44.604942
27.410532 44.622368
27.420532 44.639793
27.430532 44.657219
27.440533 44.674645
27.450533 44.692071
27.460533 44.709496
27.470533 44.726922
27.480534 44.744348
27.490534 44.761774
27.500534 44.779199
27.510534 44.796625
27.520535 44.814051
27.530535 44.831477
27.540535 44.848902
27.550535 44.866328
27.560535 44.883754
27.570536 44.901180
27.580536 44.918605
27.590536 44.936031
27.600536 44.953457
27.610537 44.970883
27.620537 44.988308
27.630537 45.005734
27.640537 45.023160
27.650537 45.040586
27.660538 45.058011
27.670538 45.075437
27.680538 45.092863
27.690538 45.110289
27.700539 45.127714
27.710539 45.145140
27.720539 45.162566
27.730539 45.179992
27.740540 45.197417
27.750540 45.214843
27.760540 45.232269
27.770540 45.249694
27.780540 45.267120
27.790541 45.284546
27.800541 45.301972
27.810541 45.319397
27.820541 45.336823
27.830542 45.354249
27.840542 45.371675
27.850542 45.389100
27.860542 45.406526
27.870543 45.423952
27.880543 45.441378
27.890543 45.458803
27.900543 45.476229
27.910543 45.493655
27.920544 45.511081
27.930544 45.528506
27.940544 45.545932
