100 100
15 33
61 75
10 40
37 63
4 17
24 9
14 99
51 13
39 13
2 61
39 90
47 9
20 91
29 37
52 31
10 65
83 45
26 82
56 86
23 37
74 73
3 34
14 65
76 75
90 22
15 91
35 31
79 34
40 81
67 36
49 75
85 20
89 75
61 36
60 30
50 54
9 47
68 86
26 88
52 10
57 56
41 26
62 31
3 95
87 25
95 13
77 19
5 67
11 86
65 46
76 44
38 9
41 59
69 64
27 36
27 30
33 72
25 9
39 37
89 81
43 27
55 95
46 68
89 90
25 81
65 86
5 20
30 42
76 2
97 56
22 99
69 50
83 48
25 80
93 62
95 7
46 15
26 76
93 40
63 81
0 65
86 25
67 9
12 89
9 50
3 48
4 94
91 72
20 49
58 33
37 97
5 15
28 83
48 2
88 94
40 3
73 7
68 2
11 82
74 41